#Values for plotting the error function and comparing with std::erf(z)
-2  -0.9949  -0.995322
-1.875  -0.991189  -0.99199
-1.75  -0.986759  -0.986672
-1.625  -0.978623  -0.978444
-1.5  -0.966441  -0.966105
-1.375  -0.948753  -0.94817
-1.25  -0.923396  -0.9229
-1.125  -0.889186  -0.888388
-1  -0.84273  -0.842701
-0.875  -0.784058  -0.784075
-0.75  -0.711143  -0.711156
-0.625  -0.623234  -0.623241
-0.5  -0.520451  -0.5205
-0.375  -0.404103  -0.404117
-0.25  -0.276324  -0.276326
-0.125  -0.140316  -0.140316
0  0  0
0.125  0.140316  0.140316
0.25  0.276324  0.276326
0.375  0.404103  0.404117
0.5  0.520451  0.5205
0.625  0.623234  0.623241
0.75  0.711143  0.711156
0.875  0.784058  0.784075
1  0.84273  0.842701
1.125  0.889186  0.888388
1.25  0.923396  0.9229
1.375  0.948753  0.94817
1.5  0.966441  0.966105
1.625  0.978623  0.978444
1.75  0.986759  0.986672
1.875  0.991189  0.99199
