0.1 2.55956 0.277946
0.2 2.12672 0.512165
0.3 1.70908 0.703796
0.4 1.31424 0.854741
0.6 0.622996 1.04596
0.7 0.339516 1.0937
0.8 0.104692 1.11548
0.9 -0.0761516 1.11644
1.1 -0.257317 1.07899
1.2 -0.263339 1.05255
1.3 -0.226781 1.02774
1.4 -0.158669 1.00825
1.6 0.0278739 0.994555
1.7 0.122811 1.00217
1.8 0.202317 1.0186
1.9 0.253923 1.0417
2.1 0.225452 1.09302
2.2 0.131714 1.11133
2.3 -0.0172427 1.11752
2.4 -0.22261 1.106
2.6 -0.80499 1.00699
2.7 -1.17022 0.908552
2.8 -1.56831 0.771845
2.9 -1.98627 0.594228
3.1 -2.82946 0.112213
3.2 -3.22577 -0.190798
3.3 -3.58415 -0.531677
3.4 -3.88865 -0.905833
3.6 -4.27427 -1.72769
3.7 -4.3354 -2.15894
3.8 -4.30271 -2.59165
3.9 -4.17214 -3.01622
4.1 -3.604 -3.80069
4.2 -3.17513 -4.14037
4.3 -2.66578 -4.43303
4.4 -2.0887 -4.67127
4.6 -0.783444 -4.96121
4.7 -0.0876497 -5.00487
4.8 0.61112 -4.97864
4.9 1.29323 -4.8832
5.1 2.53041 -4.49723
5.2 3.05532 -4.21734
5.3 3.50324 -3.88873
5.4 3.86364 -3.51961
5.6 4.28261 -2.69796
5.7 4.33718 -2.26615
5.8 4.2962 -1.83371
5.9 4.16618 -1.40988
6.1 3.66679 -0.621637
6.2 3.32043 -0.271849
6.3 2.93107 0.0410151
6.4 2.51524 0.313483
6.6 1.66929 0.731565
6.7 1.267 0.878183
6.8 0.893888 0.985937
6.9 0.561279 1.05831
7.1 0.0603647 1.11645
7.2 -0.100216 1.11398
7.3 -0.204849 1.09827
7.4 -0.257134 1.07475
7.6 -0.220557 1.02409
7.7 -0.147899 1.00545
7.8 -0.0552992 0.995171
7.9 0.0446372 0.99463
8.1 0.216299 1.0219
8.2 0.26398 1.04621
8.3 0.27091 1.07334
8.4 0.22565 1.09865
8.6 -0.062792 1.11961
8.7 -0.302399 1.10179
8.8 -0.587048 1.05763
8.9 -0.901725 0.983376
