
#Intrapolation points
0.05 0.987758 0.049694
0.1 0.975517 0.0987758
0.15 0.963275 0.147246
0.2 0.951033 0.195103
0.25 0.938791 0.242349
0.3 0.92655 0.288982
0.35 0.914308 0.335004
0.4 0.902066 0.380413
0.45 0.889824 0.42521
0.55 0.843855 0.512432
0.6 0.810127 0.553781
0.65 0.776398 0.593444
0.7 0.74267 0.631421
0.75 0.708942 0.667711
0.8 0.675214 0.702315
0.85 0.641486 0.735233
0.9 0.607758 0.766464
0.95 0.57403 0.796009
1.05 0.493346 0.849708
1.1 0.446389 0.873201
1.15 0.399433 0.894347
1.2 0.352476 0.913145
1.25 0.30552 0.929595
1.3 0.258563 0.943697
1.35 0.211607 0.955451
1.4 0.16465 0.964857
1.45 0.117694 0.971916
1.55 0.0220488 0.978946
1.6 -0.0266396 0.978832
1.65 -0.075328 0.976282
1.7 -0.124016 0.971299
1.75 -0.172705 0.963881
1.8 -0.221393 0.954028
1.85 -0.270082 0.941741
1.9 -0.31877 0.92702
1.95 -0.367458 0.909864
2.05 -0.454647 0.868504
2.1 -0.493146 0.84481
2.15 -0.531646 0.81919
2.2 -0.570146 0.791645
2.25 -0.608645 0.762175
2.3 -0.647145 0.730781
2.35 -0.685645 0.697461
2.4 -0.724144 0.662216
2.45 -0.762644 0.625046
2.55 -0.820029 0.545422
2.6 -0.838913 0.503949
2.65 -0.857798 0.461531
2.7 -0.876683 0.418169
2.75 -0.895568 0.373863
2.8 -0.914453 0.328612
2.85 -0.933338 0.282417
2.9 -0.952223 0.235278
2.95 -0.971108 0.187195
3.05 -0.984639 0.0888019
3.1 -0.979285 0.0397038
3.15 -0.973932 -0.00912663
3.2 -0.968578 -0.0576894
3.25 -0.963225 -0.105984
3.3 -0.957871 -0.154012
3.35 -0.952517 -0.201772
3.4 -0.947164 -0.249264
3.45 -0.94181 -0.296488
3.55 -0.908175 -0.38956
3.6 -0.879894 -0.434262
3.65 -0.851613 -0.47755
3.7 -0.823331 -0.519423
3.75 -0.79505 -0.559883
3.8 -0.766769 -0.598928
3.85 -0.738488 -0.63656
3.9 -0.710206 -0.672777
3.95 -0.681925 -0.70758
4.05 -0.609359 -0.772545
4.1 -0.565074 -0.801906
4.15 -0.520789 -0.829052
4.2 -0.476504 -0.853984
4.25 -0.43222 -0.876703
4.3 -0.387935 -0.897206
4.35 -0.34365 -0.915496
4.4 -0.299365 -0.931571
4.45 -0.255081 -0.945433
4.55 -0.16135 -0.966383
4.6 -0.111904 -0.973215
4.65 -0.0624584 -0.977574
4.7 -0.0130126 -0.97946
4.75 0.0364332 -0.978875
4.8 0.085879 -0.975817
4.85 0.135325 -0.970287
4.9 0.184771 -0.962285
4.95 0.234216 -0.95181
5.05 0.326163 -0.923617
5.1 0.368664 -0.906247
5.15 0.411164 -0.886751
5.2 0.453665 -0.86513
5.25 0.496166 -0.841384
5.3 0.538667 -0.815514
5.35 0.581167 -0.787518
5.4 0.623668 -0.757397
5.45 0.666169 -0.725151
5.55 0.73382 -0.654718
5.6 0.75897 -0.617398
5.65 0.78412 -0.578821
5.7 0.80927 -0.538986
5.75 0.83442 -0.497894
5.8 0.85957 -0.455544
5.85 0.88472 -0.411937
5.9 0.90987 -0.367072
5.95 0.93502 -0.32095
6.05 0.961812 -0.22552
6.1 0.963454 -0.177389
6.15 0.965095 -0.129175
6.2 0.966737 -0.0808792
6.25 0.968379 -0.0325013
6.3 0.970021 0.0159587
6.35 0.971662 0.0645008
6.4 0.973304 0.113125
6.45 0.974946 0.161831
6.55 0.954319 0.258892
6.6 0.932051 0.306051
6.65 0.909782 0.352097
6.7 0.887513 0.39703
6.75 0.865245 0.440849
6.8 0.842976 0.483554
6.85 0.820708 0.525146
6.9 0.798439 0.565625
6.95 0.776171 0.60499
7.05 0.713176 0.679919
7.1 0.672449 0.71456
7.15 0.631722 0.747164
7.2 0.590995 0.777732
7.25 0.550269 0.806263
7.3 0.509542 0.832759
7.35 0.468815 0.857218
7.4 0.428089 0.87964
7.45 0.387362 0.900026
7.55 0.297422 0.934478
7.6 0.248208 0.948119
7.65 0.198995 0.959299
7.7 0.149781 0.968018
7.75 0.100568 0.974277
7.8 0.0513541 0.978075
7.85 0.00214057 0.979412
7.9 -0.047073 0.978289
7.95 -0.0962865 0.974705
8.05 -0.191151 0.960244
8.1 -0.236802 0.949545
8.15 -0.282454 0.936564
8.2 -0.328105 0.9213
8.25 -0.373756 0.903753
8.3 -0.419407 0.883924
8.35 -0.465058 0.861813
8.4 -0.51071 0.837418
8.45 -0.556361 0.810742
8.55 -0.632924 0.750909
8.6 -0.663836 0.71849
8.65 -0.694747 0.684525
8.7 -0.725659 0.649015
8.75 -0.756571 0.611959
8.8 -0.787483 0.573358
8.85 -0.818395 0.533211
8.9 -0.849307 0.491519
8.95 -0.880218 0.44828
