#Datapoint vectors x and y1, y2, y3, y4, exercise_C
0 1 1 0 0 3
0.5 0.877583 1 0.5 0.25 0.949806
1 0.540302 1 1 1 -0.197688
1.5 0.0707372 1 1.5 2.25 -0.0700284
2 -0.416147 1 2 4 0.265164
2.5 -0.801144 1 2.5 6.25 -0.485582
3 -0.989992 1 3 9 -2.41115
3.5 -0.936457 1 3.5 12.25 -4.12334
4 -0.653644 1 4 16 -3.93965
4.5 -0.210796 1 4.5 20.25 -1.45662
5 0.283662 1 5 25 1.93903
5.5 0.70867 1 5.5 30.25 4.12599
6 0.96017 1 6 36 3.95366
6.5 0.976588 1 6.5 42.25 2.08943
7 0.753902 1 7 49 0.280492
7.5 0.346635 1 7.5 56.25 -0.26067
8 -0.1455 1 8 64 0.139307
8.5 -0.602012 1 8.5 72.25 0.116759
9 -0.91113 1 9 81 -1.23142
