
#Intrapolation points
#Quadratic interpolation. Output: z, y1, int y1, y2, int y2, y3, int y3, y4, int y4
0.1 0.977417 0.0988788 1 0.1 0.1 0.005 0.01 0.000333333
0.2 0.953884 0.195452 1 0.2 0.2 0.02 0.04 0.00266667
0.3 0.929401 0.289624 1 0.3 0.3 0.045 0.09 0.009
0.4 0.903967 0.3813 1 0.4 0.4 0.08 0.16 0.0213333
0.6 0.842604 0.55653 1 0.6 0.6 0.18 0.36 0.072
0.7 0.791386 0.638365 1 0.7 0.7 0.245 0.49 0.114333
0.8 0.72393 0.714266 1 0.8 0.8 0.32 0.64 0.170667
0.9 0.640236 0.78261 1 0.9 0.9 0.405 0.81 0.243
1.1 0.435078 0.890494 1 1.1 1.1 0.605 1.21 0.443667
1.2 0.335509 0.928976 1 1.2 1.2 0.72 1.44 0.576
1.3 0.241596 0.957784 1 1.3 1.3 0.845 1.69 0.732333
1.4 0.153339 0.977484 1 1.4 1.4 0.98 1.96 0.914667
1.6 -0.012557 0.991608 1 1.6 1.6 1.28 2.56 1.36533
1.7 -0.102893 0.985894 1 1.7 1.7 1.445 2.89 1.63767
1.8 -0.200269 0.970795 1 1.8 1.8 1.62 3.24 1.944
1.9 -0.304687 0.945606 1 1.9 1.9 1.805 3.61 2.28633
2.1 -0.523531 0.862512 1 2.1 2.1 2.205 4.41 3.087
2.2 -0.615722 0.805423 1 2.2 2.2 2.42 4.84 3.54933
2.3 -0.692722 0.739874 1 2.3 2.3 2.645 5.29 4.05567
2.4 -0.754529 0.667385 1 2.4 2.4 2.88 5.76 4.608
2.6 -0.839912 0.507418 1 2.6 2.6 3.38 6.76 5.85867
2.7 -0.878182 0.421509 1 2.7 2.7 3.645 7.29 6.561
2.8 -0.915952 0.331798 1 2.8 2.8 3.92 7.84 7.31733
2.9 -0.953222 0.238335 1 2.9 2.9 4.205 8.41 8.12967
3.1 -1.01707 0.0406601 1 3.1 3.1 4.805 9.61 9.93033
3.2 -1.02525 -0.0616133 1 3.2 3.2 5.12 10.24 10.9227
3.3 -1.01454 -0.163761 1 3.3 3.3 5.445 10.89 11.979
3.4 -0.984946 -0.263893 1 3.4 3.4 5.78 11.56 13.1013
3.6 -0.878796 -0.450878 1 3.6 3.6 6.48 12.96 15.552
3.7 -0.821684 -0.535898 1 3.7 3.7 6.845 13.69 16.8843
3.8 -0.765122 -0.615233 1 3.8 3.8 7.22 14.44 18.2907
3.9 -0.709108 -0.68894 1 3.9 3.9 7.605 15.21 19.773
4.1 -0.591778 -0.819456 1 4.1 4.1 8.405 16.81 22.9737
4.2 -0.51656 -0.874984 1 4.2 4.2 8.82 17.64 24.696
4.3 -0.42799 -0.922323 1 4.3 4.3 9.245 18.49 26.5023
4.4 -0.326069 -0.960137 1 4.4 4.4 9.68 19.36 28.3947
4.6 -0.0934582 -1.00223 1 4.6 4.6 10.58 21.16 32.4453
4.7 0.0146564 -1.00609 1 4.7 4.7 11.045 22.09 34.6077
4.8 0.113548 -0.999603 1 4.8 4.8 11.52 23.04 36.864
4.9 0.203217 -0.983688 1 4.9 4.9 12.005 24.01 39.2163
5.1 0.36133 -0.927048 1 5.1 5.1 13.005 26.01 44.217
5.2 0.442664 -0.886879 1 5.2 5.2 13.52 27.04 46.8693
5.3 0.527666 -0.838393 1 5.3 5.3 14.045 28.09 49.6257
5.4 0.616334 -0.781224 1 5.4 5.4 14.58 29.16 52.488
5.6 0.794065 -0.639721 1 5.6 5.6 15.68 31.36 58.5387
5.7 0.861913 -0.556776 1 5.7 5.7 16.245 32.49 61.731
5.8 0.912213 -0.467924 1 5.8 5.8 16.82 33.64 65.0373
5.9 0.944965 -0.374918 1 5.9 5.9 17.405 34.81 68.4597
6.1 0.965972 -0.183198 1 6.1 6.1 18.605 37.21 75.6603
6.2 0.970515 -0.0863631 1 6.2 6.2 19.22 38.44 79.4427
6.3 0.973798 0.0108631 1 6.3 6.3 19.845 39.69 83.349
6.4 0.975822 0.108355 1 6.4 6.4 20.48 40.96 87.3813
6.6 0.967789 0.303353 1 6.6 6.6 21.78 43.56 95.832
6.7 0.941121 0.398948 1 6.7 6.7 22.445 44.89 100.254
6.8 0.896584 0.490982 1 6.8 6.8 23.12 46.24 104.811
6.9 0.834178 0.577669 1 6.9 6.9 23.805 47.61 109.503
7.1 0.666244 0.728203 1 7.1 7.1 25.205 50.41 119.304
7.2 0.581688 0.790574 1 7.2 7.2 25.92 51.84 124.416
7.3 0.500234 0.844644 1 7.3 7.3 26.645 53.29 129.672
7.4 0.421884 0.890724 1 7.4 7.4 27.38 54.76 135.075
7.6 0.267992 0.959938 1 7.6 7.6 28.88 57.76 146.325
7.7 0.179457 0.982393 1 7.7 7.7 29.645 59.29 152.178
7.8 0.0810303 0.9955 1 7.8 7.8 30.42 60.84 158.184
7.9 -0.0272889 0.998269 1 7.9 7.9 31.205 62.41 164.346
8.1 -0.262286 0.969217 1 8.1 8.1 32.805 65.61 177.147
8.2 -0.366331 0.93768 1 8.2 8.2 33.62 67.24 183.789
8.3 -0.457633 0.896375 1 8.3 8.3 34.445 68.89 190.596
8.4 -0.536193 0.846578 1 8.4 8.4 35.28 70.56 197.568
8.6 -0.661935 0.726372 1 8.6 8.6 36.98 73.96 212.019
8.7 -0.722808 0.657143 1 8.7 8.7 37.845 75.69 219.501
8.8 -0.784632 0.581779 1 8.8 8.8 38.72 77.44 227.157
8.9 -0.847406 0.500185 1 8.9 8.9 39.605 79.21 234.99
