0.2 0.1 90
0.3 0.1 90
0.4 0.1 23.3707
0.5 0.1 14.2592
0.6 0.1 14.2592
0.7 0.1 9.3079
0.8 0.1 4.48542
0.9 0.1 3.23008
1 0.1 2.3558
1.1 0.1 1.72731
1.2 0.1 1.72731
1.3 0.1 0.914189
1.4 0.1 0.914189
1.5 0.1 0.437013
1.6 0.1 0.272003
1.7 0.1 0.140233
1.8 0.1 0.0339652
1.9 0.1 0.0339652
2 0.1 -0.123322
2.1 0.1 -0.181774
2.2 0.1 -0.230282
2.3 0.1 -0.230282
2.4 0.1 -0.270747
2.5 0.1 -0.333191
2.6 0.1 -0.357285
2.7 0.1 -0.377694
2.8 0.1 -0.377694
2.9 0.1 -0.395031
3 0.1 -0.42239
3.1 0.1 -0.433159
3.2 0.1 -0.44238
3.3 0.1 -0.44238
3.4 0.1 -0.457073
3.5 0.1 -0.462904
3.6 0.1 -0.467918
3.7 0.1 -0.472233
3.8 0.1 -0.472233
3.9 0.1 -0.479144
4 0.1 -0.481898
4.1 0.1 -0.481898
4.2 0.1 -0.486313
4.3 0.1 -0.486313
4.4 0.1 -0.489588
4.5 0.1 -0.490892
4.6 0.1 -0.490892
4.7 0.1 -0.492979
4.8 0.1 -0.492979
4.9 0.1 -0.494522
5 0.1 -0.495135
