10 0.01 -0.499987
10 0.02 -0.499949
10 0.03 -0.499887
10 0.04 -0.499799
10 0.05 -0.499687
10 0.06 -0.49955
10 0.07 -0.499388
10 0.08 -0.499202
10 0.09 -0.498991
10 0.1 -0.498755
10 0.11 -0.498496
10 0.12 -0.498212
10 0.13 -0.497904
10 0.14 -0.497573
10 0.15 -0.497218
10 0.16 -0.496839
10 0.17 -0.496438
10 0.18 -0.496013
10 0.19 -0.495566
10 0.2 -0.495097
10 0.21 -0.494605
10 0.22 -0.494091
10 0.23 -0.493556
10 0.24 -0.492999
10 0.25 -0.492422
10 0.26 -0.491823
10 0.27 -0.491204
10 0.28 -0.490565
10 0.29 -0.489906
10 0.3 -0.489228
10 0.31 -0.488531
10 0.32 -0.487815
10 0.33 -0.487081
10 0.34 -0.486328
10 0.35 -0.485558
10 0.36 -0.48477
10 0.37 -0.483966
10 0.38 -0.483145
10 0.39 -0.482307
10 0.4 -0.481455
10 0.41 -0.480586
10 0.42 -0.479702
10 0.43 -0.478804
10 0.44 -0.477891
10 0.45 -0.476965
10 0.46 -0.476023
10 0.47 -0.475071
10 0.48 -0.474103
10 0.49 -0.473125
10 0.5 -0.472135
10 0.51 -0.471131
10 0.52 -0.470117
10 0.53 -0.469091
10 0.54 -0.468056
10 0.55 -0.46701
10 0.56 -0.465953
10 0.57 -0.464888
10 0.58 -0.463814
10 0.59 -0.462728
10 0.6 -0.461637
10 0.61 -0.460537
10 0.62 -0.459429
10 0.63 -0.45831
10 0.64 -0.457188
10 0.65 -0.456059
10 0.66 -0.454922
10 0.67 -0.453776
10 0.68 -0.452628
10 0.69 -0.451474
10 0.7 -0.450314
10 0.71 -0.449149
10 0.72 -0.447975
10 0.73 -0.446801
10 0.74 -0.445623
10 0.75 -0.444441
10 0.76 -0.443254
10 0.77 -0.442057
10 0.78 -0.440865
10 0.79 -0.439669
10 0.8 -0.438471
10 0.81 -0.437269
10 0.82 -0.436065
10 0.83 -0.434859
10 0.84 -0.433643
10 0.85 -0.432434
10 0.86 -0.431223
10 0.87 -0.430011
10 0.88 -0.428798
10 0.89 -0.427584
10 0.9 -0.426369
10 0.91 -0.42514
10 0.92 -0.423926
10 0.93 -0.42271
10 0.94 -0.421495
10 0.95 -0.42028
10 0.96 -0.419064
10 0.97 -0.417849
10 0.98 -0.416635
10 0.99 -0.415421
10 1 -0.414208
