Symmetric matrix A:
      7.42       4.86       7.22       7.47       5.42       8.02        4.7       6.22       2.26       4.61       6.65       3.92        3.2       7.25       6.35       6.69       4.96       1.75       7.41       4.85 
      4.86       3.68       5.43       7.66       4.22       4.75       6.89       4.36       3.11       9.89       7.89       7.99       1.25       2.57       2.39       1.69       9.01       7.75       7.24       5.61 
      7.22       5.43       5.18       6.12       3.72       5.48       7.15       9.25       1.98       5.46        3.1       4.93       7.76       5.33       8.18       3.54        4.9       1.09       4.07        7.2 
      7.47       7.66       6.12       8.82       3.41       5.11       3.41       8.53       3.43       5.77       2.58       3.83       9.02       2.62       5.45       2.91       5.69       2.44       9.27       9.95 
      5.42       4.22       3.72       3.41       5.29       3.79       5.56       3.53       7.87       1.98        5.6       9.19       2.97       4.27       8.69        7.4       4.54       3.08       4.42       5.94 
      8.02       4.75       5.48       5.11       3.79       6.01       1.04       6.74       1.52       1.39       8.88       3.63       7.86       4.31       8.86       1.26       5.97       3.16       8.96       5.14 
       4.7       6.89       7.15       3.41       5.56       1.04       2.74       3.64       8.36       6.04        7.1       8.28       8.82       4.76       1.53       5.31       5.69       6.23       3.78       9.28 
      6.22       4.36       9.25       8.53       3.53       6.74       3.64        6.9       4.14       5.87       5.04       3.54       3.66       6.07       7.44       5.66       4.17        6.7       8.86       2.51 
      2.26       3.11       1.98       3.43       7.87       1.52       8.36       4.14       9.89       4.14       8.44       1.59       1.05       8.98        9.2       2.79       1.25       8.36       3.18        1.5 
      4.61       9.89       5.46       5.77       1.98       1.39       6.04       5.87       4.14       1.61       5.26       5.58       4.75        3.3       4.43       8.27        8.3       7.18       9.93       4.65 
      6.65       7.89        3.1       2.58        5.6       8.88        7.1       5.04       8.44       5.26       2.71       5.39       5.52       4.63       2.63       1.43       6.44       3.39       8.93       6.26 
      3.92       7.99       4.93       3.83       9.19       3.63       8.28       3.54       1.59       5.58       5.39        5.3       2.54       1.51       2.41       4.05       4.97       7.15       2.85       6.55 
       3.2       1.25       7.76       9.02       2.97       7.86       8.82       3.66       1.05       4.75       5.52       2.54       9.32       1.72       5.37       7.29       1.73       8.82        4.9       5.45 
      7.25       2.57       5.33       2.62       4.27       4.31       4.76       6.07       8.98        3.3       4.63       1.51       1.72       5.46       4.34        9.3       8.57        6.9       5.16       6.09 
      6.35       2.39       8.18       5.45       8.69       8.86       1.53       7.44        9.2       4.43       2.63       2.41       5.37       4.34       4.82       3.59       3.38       7.22        8.5       6.33 
      6.69       1.69       3.54       2.91        7.4       1.26       5.31       5.66       2.79       8.27       1.43       4.05       7.29        9.3       3.59        5.2       7.06       4.52       7.32       9.69 
      4.96       9.01        4.9       5.69       4.54       5.97       5.69       4.17       1.25        8.3       6.44       4.97       1.73       8.57       3.38       7.06       1.81       1.52       6.29       7.76 
      1.75       7.75       1.09       2.44       3.08       3.16       6.23        6.7       8.36       7.18       3.39       7.15       8.82        6.9       7.22       4.52       1.52        5.6       9.28       3.74 
      7.41       7.24       4.07       9.27       4.42       8.96       3.78       8.86       3.18       9.93       8.93       2.85        4.9       5.16        8.5       7.32       6.29       9.28       5.44       9.81 
      4.85       5.61        7.2       9.95       5.94       5.14       9.28       2.51        1.5       4.65       6.26       6.55       5.45       6.09       6.33       9.69       7.76       3.74       9.81       3.91 

Matrix V with eigenvectors:
    -0.145      0.121     0.0647      0.101    -0.0806      0.141    0.00876      0.137      0.377     -0.189     -0.675     -0.105     -0.121    -0.0391      0.134     0.0316       0.35      0.133       0.18       0.23 
    -0.186      -0.31    -0.0296      0.103      0.468      0.113     -0.413     -0.189      0.229    -0.0279     0.0475    -0.0118    -0.0711      0.102    -0.0881     -0.425     0.0158     -0.332   0.000674      0.224 
     0.155      0.162      0.279     -0.126      0.105     -0.375     -0.145      0.137      0.109     -0.209      0.328     -0.289     -0.341      0.369       0.22      0.147    -0.0143     0.0598      0.207      0.221 
      0.34   -0.00736    -0.0056    -0.0443     -0.026     -0.102     0.0853     -0.179     0.0269      0.322      -0.21      0.602    -0.0532      0.338     -0.055    -0.0434      -0.12    0.00878      0.358      0.238 
   0.00532      0.242     -0.155     -0.195     -0.104     -0.056     -0.475      -0.27     -0.202    -0.0349     -0.091     0.0675       0.42      0.117      0.434     0.0918      0.139    0.00908     -0.252      0.205 
     0.111       0.17     -0.116     -0.348       0.36      0.153      0.253     -0.137     0.0223       0.19      0.166     -0.158     0.0609     -0.421      0.228     -0.248     0.0502      0.294      0.266      0.213 
     0.275     -0.196     -0.169     -0.348     -0.152      0.515    -0.0082      0.265    -0.0614     -0.071    -0.0247     0.0064     -0.342   -0.00824      0.183      0.122     -0.186     -0.278     -0.203      0.224 
    -0.204     0.0316     -0.103      0.157   -0.00555       0.27    -0.0316      0.057     -0.582       0.21    -0.0788     -0.334    -0.0822      0.376     -0.218    -0.0804     0.0177      0.267      0.127      0.234 
    -0.284     0.0948      0.264    -0.0922      0.218      -0.03      0.271    -0.0688    -0.0372    -0.0875    -0.0271      0.332     -0.249      0.102      0.025     -0.095    -0.0507      0.306      -0.61      0.187 
   -0.0126      0.284     -0.508     -0.106    -0.0643     -0.181      0.308     -0.216     0.0147     -0.473   -0.00253    -0.0711    0.00651     0.0932     -0.349    -0.0845    -0.0437     -0.229   -0.00881      0.225 
     0.344     -0.038    -0.0186      0.466    -0.0924     -0.295    -0.0618     0.0944     -0.365     -0.123    -0.0675     0.0559     -0.225     -0.396      0.161      -0.32     0.0584    -0.0254    -0.0955      0.222 
    -0.136     -0.222     0.0952    0.00734    -0.0875     -0.259      0.475     0.0784     0.0203      0.305     -0.124     -0.289      0.266      0.171      0.323     -0.131    -0.0638     -0.384     -0.118      0.195 
    -0.382     -0.121   0.000808     0.0993      -0.11    -0.0848    -0.0922     -0.307    -0.0153    -0.0331    -0.0898    -0.0312     -0.139     -0.293      0.123       0.32      -0.62     0.0548      0.203      0.213 
    -0.035     -0.224     -0.356    -0.0874     -0.117     -0.308     -0.123    -0.0333      0.204      0.449     0.0962    -0.0869     -0.249     -0.135     -0.221      0.268      0.334       0.14      -0.23      0.211 
     0.146      -0.39     -0.146      0.317     -0.175      0.187      0.126    -0.0105       0.28     -0.254      0.307     0.0251      0.313      0.174      0.117   -0.00742    -0.0383      0.435    -0.0357      0.228 
     0.283     -0.176       0.24     0.0847      0.459     0.0416      0.122     -0.127     -0.194     -0.131     -0.125    -0.0703      0.228     -0.105     -0.216      0.554      0.152     -0.124    -0.0528      0.218 
   -0.0696       0.15      0.414     0.0786     -0.435      0.282     0.0827     -0.412     0.0198     0.0601      0.324     0.0146    -0.0941     -0.108    -0.0937    -0.0238      0.319     -0.243     0.0583      0.216 
     0.282      0.398      0.173      0.119    -0.0531     0.0661     -0.171       0.13      0.308      0.246    -0.0749     -0.232      0.202    -0.0652     -0.324    -0.0964     -0.408     0.0412     -0.273      0.217 
    -0.165     -0.255      0.258     -0.442     -0.212     -0.189     -0.144      0.352     -0.141     -0.178    0.00247      0.136      0.282     -0.182     -0.319     -0.172      0.019     0.0774      0.145      0.281 
    -0.311      0.321     -0.171      0.281      0.163     0.0844      0.023      0.491     0.0217      0.104      0.299      0.337       0.12    -0.0768     0.0887      0.217     0.0661     -0.213      0.114      0.253 

Eigen values
     -16.8        -14      -13.2      -10.9      -9.65      -8.83      -7.68      -2.86      -1.82      -1.25      0.414       4.28       5.19       6.19        9.9       11.6       12.6         16       19.1        109 

Check V^T A V = D:
     -16.8     -2e-14   9.96e-09   1.53e-14  -1.52e-08   1.23e-09   -1.1e-08   1.76e-09   1.61e-10   5.36e-11   1.46e-10   1.42e-10   2.95e-13   2.89e-14    9.6e-08   3.21e-08      2e-08  -5.22e-08   1.56e-08   -8.5e-11 
 -1.98e-14        -14   1.34e-14   3.57e-14  -4.11e-15  -8.24e-09   4.06e-08  -4.72e-09  -5.47e-10    8.3e-11   2.43e-10  -2.15e-10   3.01e-14    1.3e-13  -3.43e-08   6.54e-08  -2.66e-09  -2.26e-08   1.57e-08  -8.33e-11 
  9.96e-09   1.28e-14      -13.2  -3.58e-08   4.36e-08  -1.49e-08  -3.16e-15  -1.69e-08  -1.89e-09  -1.52e-09  -2.67e-09  -9.67e-10  -2.13e-12  -1.29e-13   1.07e-14  -3.22e-15     -9e-08   1.78e-15  -4.54e-08   1.71e-10 
  1.35e-14   3.52e-14  -3.58e-08      -10.9   2.66e-15   1.13e-08  -7.54e-09   1.11e-09   3.32e-11  -1.07e-10   1.47e-11  -1.45e-10   -1.8e-12  -2.59e-13    2.5e-15  -4.59e-14  -5.99e-08   4.37e-14   -6.6e-08   3.01e-10 
 -1.52e-08  -3.22e-15   4.36e-08    2.5e-15      -9.65   4.49e-09  -8.38e-09   9.93e-09   7.36e-10   3.35e-09   6.42e-09   1.39e-09   2.47e-12    9.2e-14  -3.97e-15    8.6e-08   3.23e-08  -6.97e-08    2.1e-08  -7.96e-11 
  1.23e-09  -8.24e-09  -1.49e-08   1.13e-08   4.49e-09      -8.83   2.62e-15   -1.4e-09  -6.51e-10  -9.83e-11   6.32e-10  -2.46e-10  -3.14e-13  -1.45e-14  -6.78e-08  -2.57e-08  -1.35e-08   2.74e-08  -6.57e-09   2.46e-11 
  -1.1e-08   4.06e-08  -2.06e-15  -7.54e-09  -8.38e-09   3.47e-15      -7.68  -3.52e-15   2.17e-09   1.47e-09   3.33e-09   1.09e-09   2.65e-12   1.27e-13   -5.3e-15  -1.26e-15   -1.3e-15  -2.92e-15   5.28e-08  -2.03e-10 
  1.76e-09  -4.72e-09  -1.69e-08   1.11e-09   9.93e-09   -1.4e-09   -2.6e-15      -2.86  -4.16e-15  -2.83e-15   1.05e-15  -1.52e-08  -2.34e-11  -7.01e-13   2.15e-15  -6.66e-16  -2.33e-15   5.55e-17  -3.04e-08   4.38e-11 
  1.61e-10  -5.47e-10  -1.89e-09   3.32e-11   7.36e-10  -6.51e-10   2.17e-09  -4.54e-15      -1.82   -2.8e-09  -7.22e-10  -1.44e-10  -3.93e-13  -1.33e-14  -4.25e-08   -1.8e-08   -5.3e-09   1.01e-08   -3.3e-09   4.39e-12 
  5.36e-11    8.3e-11  -1.52e-09  -1.07e-10   3.35e-09  -9.83e-11   1.47e-09  -2.96e-15   -2.8e-09      -1.25  -2.57e-15  -1.07e-08  -1.61e-11   -4.4e-13   7.36e-15   6.87e-16  -2.32e-08  -1.98e-15  -1.24e-08   7.99e-12 
  1.46e-10   2.43e-10  -2.67e-09   1.47e-11   6.42e-09   6.32e-10   3.33e-09   4.02e-16  -7.22e-10  -2.65e-15      0.414  -3.33e-16  -6.66e-11  -7.75e-13   1.65e-14   4.26e-15   7.22e-16   3.21e-15  -9.68e-16   1.69e-11 
  1.42e-10  -2.15e-10  -9.67e-10  -1.45e-10   1.39e-09  -2.46e-10   1.09e-09  -1.52e-08  -1.44e-10  -1.07e-08  -1.05e-15       4.28  -2.68e-11  -1.87e-14   5.55e-16   4.11e-09  -1.53e-15   1.46e-08  -5.42e-09   5.14e-12 
  2.96e-13   3.19e-14  -2.13e-12   -1.8e-12   2.47e-12  -3.14e-13   2.65e-12  -2.34e-11  -3.93e-13  -1.61e-11  -6.66e-11  -2.68e-11       5.19   3.53e-15  -3.91e-09   3.86e-10  -5.77e-11   2.82e-11  -1.09e-11  -2.36e-13 
  2.74e-14   1.29e-13  -1.29e-13  -2.61e-13   9.09e-14   -1.5e-14   1.26e-13  -7.01e-13  -1.29e-14  -4.42e-13  -7.74e-13  -1.86e-14   8.53e-16       6.19  -5.41e-15  -2.88e-11  -8.01e-13   7.09e-13  -4.15e-13   1.49e-07 
   9.6e-08  -3.43e-08   1.05e-14   3.25e-15  -5.38e-15  -6.78e-08   -7.4e-15   3.05e-15  -4.25e-08   7.13e-15   1.54e-14   3.89e-16  -3.91e-09   -5.4e-15        9.9   4.22e-11  -5.78e-14  -1.14e-15   8.01e-15  -1.12e-08 
  3.21e-08   6.54e-08  -2.94e-15   -4.5e-14    8.6e-08  -2.57e-08  -1.53e-15  -2.66e-15   -1.8e-08  -5.55e-17   3.89e-15   4.11e-09   3.86e-10  -2.88e-11   4.22e-11       11.6   4.22e-14   3.77e-15  -2.83e-15  -5.12e-09 
     2e-08  -2.66e-09     -9e-08  -5.99e-08   3.23e-08  -1.35e-08  -1.25e-15  -9.99e-16   -5.3e-09  -2.32e-08  -6.66e-16  -8.88e-16  -5.77e-11  -7.99e-13  -5.86e-14   4.11e-14       12.6  -3.05e-16  -1.19e-15  -2.23e-09 
 -5.22e-08  -2.26e-08   1.44e-15   4.34e-14  -6.97e-08   2.74e-08  -5.32e-15   2.22e-16   1.01e-08  -2.22e-15   2.66e-15   1.46e-08   2.82e-11    7.1e-13  -1.33e-15   4.55e-15   4.16e-16         16   2.61e-15   4.91e-09 
  1.56e-08   1.57e-08  -4.54e-08   -6.6e-08    2.1e-08  -6.57e-09   5.28e-08  -3.04e-08   -3.3e-09  -1.24e-08  -2.22e-15  -5.42e-09  -1.09e-11  -4.14e-13   7.47e-15     -3e-15  -2.22e-16   3.39e-15       19.1  -1.29e-09 
  -8.5e-11  -8.33e-11   1.71e-10   3.01e-10  -7.96e-11   2.46e-11  -2.03e-10   4.38e-11   4.39e-12   7.99e-12   1.69e-11   5.14e-12  -2.42e-13   1.49e-07  -1.12e-08  -5.12e-09  -2.23e-09   4.91e-09  -1.29e-09        109 

We can see that the diagonal is exactly the matrix D, and the off-diagonal elements are small (~10^-8-10^-15). 
Check V^T D V = A:
      7.42       4.86       7.22       7.47       5.42       8.02        4.7       6.22       2.26       4.61       6.65       3.92        3.2       7.25       6.35       6.69       4.96       1.75       7.41       4.85 
      4.86       3.68       5.43       7.66       4.22       4.75       6.89       4.36       3.11       9.89       7.89       7.99       1.25       2.57       2.39       1.69       9.01       7.75       7.24       5.61 
      7.22       5.43       5.18       6.12       3.72       5.48       7.15       9.25       1.98       5.46        3.1       4.93       7.76       5.33       8.18       3.54        4.9       1.09       4.07        7.2 
      7.47       7.66       6.12       8.82       3.41       5.11       3.41       8.53       3.43       5.77       2.58       3.83       9.02       2.62       5.45       2.91       5.69       2.44       9.27       9.95 
      5.42       4.22       3.72       3.41       5.29       3.79       5.56       3.53       7.87       1.98        5.6       9.19       2.97       4.27       8.69        7.4       4.54       3.08       4.42       5.94 
      8.02       4.75       5.48       5.11       3.79       6.01       1.04       6.74       1.52       1.39       8.88       3.63       7.86       4.31       8.86       1.26       5.97       3.16       8.96       5.14 
       4.7       6.89       7.15       3.41       5.56       1.04       2.74       3.64       8.36       6.04        7.1       8.28       8.82       4.76       1.53       5.31       5.69       6.23       3.78       9.28 
      6.22       4.36       9.25       8.53       3.53       6.74       3.64        6.9       4.14       5.87       5.04       3.54       3.66       6.07       7.44       5.66       4.17        6.7       8.86       2.51 
      2.26       3.11       1.98       3.43       7.87       1.52       8.36       4.14       9.89       4.14       8.44       1.59       1.05       8.98        9.2       2.79       1.25       8.36       3.18        1.5 
      4.61       9.89       5.46       5.77       1.98       1.39       6.04       5.87       4.14       1.61       5.26       5.58       4.75        3.3       4.43       8.27        8.3       7.18       9.93       4.65 
      6.65       7.89        3.1       2.58        5.6       8.88        7.1       5.04       8.44       5.26       2.71       5.39       5.52       4.63       2.63       1.43       6.44       3.39       8.93       6.26 
      3.92       7.99       4.93       3.83       9.19       3.63       8.28       3.54       1.59       5.58       5.39        5.3       2.54       1.51       2.41       4.05       4.97       7.15       2.85       6.55 
       3.2       1.25       7.76       9.02       2.97       7.86       8.82       3.66       1.05       4.75       5.52       2.54       9.32       1.72       5.37       7.29       1.73       8.82        4.9       5.45 
      7.25       2.57       5.33       2.62       4.27       4.31       4.76       6.07       8.98        3.3       4.63       1.51       1.72       5.46       4.34        9.3       8.57        6.9       5.16       6.09 
      6.35       2.39       8.18       5.45       8.69       8.86       1.53       7.44        9.2       4.43       2.63       2.41       5.37       4.34       4.82       3.59       3.38       7.22        8.5       6.33 
      6.69       1.69       3.54       2.91        7.4       1.26       5.31       5.66       2.79       8.27       1.43       4.05       7.29        9.3       3.59        5.2       7.06       4.52       7.32       9.69 
      4.96       9.01        4.9       5.69       4.54       5.97       5.69       4.17       1.25        8.3       6.44       4.97       1.73       8.57       3.38       7.06       1.81       1.52       6.29       7.76 
      1.75       7.75       1.09       2.44       3.08       3.16       6.23        6.7       8.36       7.18       3.39       7.15       8.82        6.9       7.22       4.52       1.52        5.6       9.28       3.74 
      7.41       7.24       4.07       9.27       4.42       8.96       3.78       8.86       3.18       9.93       8.93       2.85        4.9       5.16        8.5       7.32       6.29       9.28       5.44       9.81 
      4.85       5.61        7.2       9.95       5.94       5.14       9.28       2.51        1.5       4.65       6.26       6.55       5.45       6.09       6.33       9.69       7.76       3.74       9.81       3.91 

Comparing with matrix A (see top), we see that they are the same.
Check V^T V =  V V^T = 1 (output in that order) 
We can see that for both the diagonal is 1, and the off-diagonal is of order ~10^-15
         1  -1.04e-16  -6.94e-17          0  -3.89e-16   1.46e-16  -3.68e-16   2.84e-16   -1.6e-16  -2.08e-16  -3.47e-17  -6.25e-17  -2.78e-17  -9.71e-17   1.11e-16  -1.18e-16  -2.78e-17  -1.18e-16   5.55e-17  -5.13e-16 
 -1.04e-16          1   6.25e-17   2.22e-16   3.82e-16  -2.08e-17  -6.94e-17   4.44e-16  -1.11e-16   6.94e-18          0   1.18e-16   3.54e-16   2.15e-16   6.94e-17          0   3.26e-16   1.25e-16    2.5e-16  -3.26e-16 
 -6.94e-17   6.25e-17          1   5.62e-16    3.4e-16   2.08e-17  -9.71e-17    1.6e-16  -1.25e-16   2.71e-16  -4.58e-16  -2.29e-16  -1.73e-16  -2.08e-16  -4.86e-17  -2.78e-17  -3.47e-17  -2.78e-17   2.15e-16   4.16e-17 
         0   2.22e-16   5.62e-16          1   1.67e-16  -6.25e-17   2.78e-17   2.71e-16  -2.98e-16    1.6e-16  -2.43e-16   4.79e-16    1.6e-16  -2.71e-16   3.47e-16  -3.47e-17  -6.94e-18  -2.15e-16  -2.36e-16  -1.73e-16 
 -3.89e-16   3.82e-16    3.4e-16   1.67e-16          1  -3.19e-16   3.54e-16   6.94e-17   6.25e-17  -4.09e-16   1.46e-16  -3.47e-17   2.78e-16   2.84e-16   8.33e-17  -9.71e-17   2.57e-16   1.04e-16  -1.94e-16  -1.46e-16 
  1.46e-16  -2.08e-17   2.08e-17  -6.25e-17  -3.19e-16          1  -4.58e-16   -2.5e-16   6.25e-17  -6.94e-18  -1.25e-16  -9.02e-17   2.98e-16  -2.08e-17   1.39e-16   1.18e-16  -2.15e-16   7.63e-17   3.26e-16  -1.39e-16 
 -3.68e-16  -6.94e-17  -9.71e-17   2.78e-17   3.54e-16  -4.58e-16          1  -3.12e-16   9.02e-17   -2.5e-16  -5.55e-17   4.86e-17  -9.71e-17  -9.02e-17  -3.61e-16   5.55e-17  -1.25e-16  -4.16e-17   1.11e-16  -6.25e-17 
  2.84e-16   4.44e-16    1.6e-16   2.71e-16   6.94e-17   -2.5e-16  -3.12e-16          1  -5.55e-17  -6.25e-17  -2.78e-17  -1.67e-16   2.08e-16  -4.16e-16   5.55e-17  -5.55e-17  -3.33e-16  -1.39e-17   2.78e-17   5.55e-17 
  -1.6e-16  -1.11e-16  -1.25e-16  -2.98e-16   6.25e-17   6.25e-17   9.02e-17  -5.55e-17          1   8.33e-17  -3.54e-16  -1.94e-16    1.8e-16   4.16e-17  -3.47e-17   4.16e-17  -6.25e-17  -2.84e-16   1.25e-16   3.47e-17 
 -2.08e-16   6.94e-18   2.71e-16    1.6e-16  -4.09e-16  -6.94e-18   -2.5e-16  -6.25e-17   8.33e-17          1  -8.33e-17   5.83e-16  -5.55e-17   2.43e-16   -1.6e-16   5.27e-16  -9.71e-17   1.11e-16   3.05e-16  -4.23e-16 
 -3.47e-17          0  -4.58e-16  -2.43e-16   1.46e-16  -1.25e-16  -5.55e-17  -2.78e-17  -3.54e-16  -8.33e-17          1   2.36e-16   2.08e-17   6.25e-17  -5.55e-17  -3.26e-16  -2.57e-16  -1.18e-16    3.4e-16  -2.08e-17 
 -6.25e-17   1.18e-16  -2.29e-16   4.79e-16  -3.47e-17  -9.02e-17   4.86e-17  -1.67e-16  -1.94e-16   5.83e-16   2.36e-16          1  -7.63e-17   7.63e-17   1.18e-16  -6.25e-17  -4.16e-17  -2.71e-16  -4.23e-16  -4.16e-17 
 -2.78e-17   3.54e-16  -1.73e-16    1.6e-16   2.78e-16   2.98e-16  -9.71e-17   2.08e-16    1.8e-16  -5.55e-17   2.08e-17  -7.63e-17          1  -4.02e-16   1.11e-16  -8.33e-17  -2.98e-16   2.91e-16    1.8e-16  -2.15e-16 
 -9.71e-17   2.15e-16  -2.08e-16  -2.71e-16   2.84e-16  -2.08e-17  -9.02e-17  -4.16e-16   4.16e-17   2.43e-16   6.25e-17   7.63e-17  -4.02e-16          1   3.26e-16   -1.6e-16   2.64e-16          0   6.94e-18  -3.33e-16 
  1.11e-16   6.94e-17  -4.86e-17   3.47e-16   8.33e-17   1.39e-16  -3.61e-16   5.55e-17  -3.47e-17   -1.6e-16  -5.55e-17   1.18e-16   1.11e-16   3.26e-16          1   1.11e-16  -1.39e-16   5.55e-17  -9.71e-17  -8.33e-17 
 -1.18e-16          0  -2.78e-17  -3.47e-17  -9.71e-17   1.18e-16   5.55e-17  -5.55e-17   4.16e-17   5.27e-16  -3.26e-16  -6.25e-17  -8.33e-17   -1.6e-16   1.11e-16          1  -1.39e-17   1.67e-16  -2.22e-16  -5.55e-17 
 -2.78e-17   3.26e-16  -3.47e-17  -6.94e-18   2.57e-16  -2.15e-16  -1.25e-16  -3.33e-16  -6.25e-17  -9.71e-17  -2.57e-16  -4.16e-17  -2.98e-16   2.64e-16  -1.39e-16  -1.39e-17          1   8.33e-17  -8.33e-17  -6.25e-17 
 -1.18e-16   1.25e-16  -2.78e-17  -2.15e-16   1.04e-16   7.63e-17  -4.16e-17  -1.39e-17  -2.84e-16   1.11e-16  -1.18e-16  -2.71e-16   2.91e-16          0   5.55e-17   1.67e-16   8.33e-17          1   1.18e-16  -1.25e-16 
  5.55e-17    2.5e-16   2.15e-16  -2.36e-16  -1.94e-16   3.26e-16   1.11e-16   2.78e-17   1.25e-16   3.05e-16    3.4e-16  -4.23e-16    1.8e-16   6.94e-18  -9.71e-17  -2.22e-16  -8.33e-17   1.18e-16          1  -6.94e-17 
 -5.13e-16  -3.26e-16   4.16e-17  -1.73e-16  -1.46e-16  -1.39e-16  -6.25e-17   5.55e-17   3.47e-17  -4.23e-16  -2.08e-17  -4.16e-17  -2.15e-16  -3.33e-16  -8.33e-17  -5.55e-17  -6.25e-17  -1.25e-16  -6.94e-17          1 

         1  -4.16e-17  -2.08e-16  -1.94e-16  -2.15e-16  -6.25e-17   9.02e-17          0  -1.91e-17   1.04e-16  -1.39e-17  -9.71e-17   9.71e-17   6.25e-17   5.55e-17   2.22e-16   7.29e-17  -3.33e-16   6.94e-18   6.94e-17 
 -4.16e-17          1   4.93e-16  -1.39e-17   1.87e-16   5.55e-17  -8.76e-17    2.5e-16    3.3e-17   9.02e-17   2.91e-16  -6.94e-17   7.63e-17  -5.55e-17  -8.67e-17   2.91e-16   3.82e-17   2.22e-16   2.01e-16  -3.19e-16 
 -2.08e-16   4.93e-16          1  -2.08e-17   2.78e-17   3.85e-16  -1.34e-16  -1.53e-16   9.58e-17  -4.13e-16  -2.78e-17   8.33e-17  -1.08e-16   5.03e-17  -2.72e-16   4.86e-17   4.34e-17   2.08e-17   2.01e-16   3.47e-17 
 -1.94e-16  -1.39e-17  -2.08e-17          1  -2.15e-16  -2.22e-16  -6.94e-17   1.11e-16   -2.2e-16   2.01e-16  -3.05e-16   4.16e-17   3.26e-16   7.63e-17   3.47e-17  -9.71e-17   1.87e-16  -8.33e-17   1.32e-16  -3.05e-16 
 -2.15e-16   1.87e-16   2.78e-17  -2.15e-16          1   1.72e-16   4.55e-16  -2.22e-16  -1.57e-16  -9.71e-17   2.57e-16  -2.01e-16   2.19e-16  -1.02e-16  -1.87e-16   1.04e-16  -2.22e-16   4.16e-16   3.92e-16   2.22e-16 
 -6.25e-17   5.55e-17   3.85e-16  -2.22e-16   1.72e-16          1  -2.99e-16   2.08e-16    1.1e-16   1.09e-16  -8.67e-17   1.39e-16   -1.6e-16  -1.05e-16   7.98e-17   4.51e-16  -9.02e-17   1.73e-17  -1.21e-16  -1.42e-16 
  9.02e-17  -8.76e-17  -1.34e-16  -6.94e-17   4.55e-16  -2.99e-16          1   1.41e-16   3.08e-16    1.2e-16  -1.86e-16   3.21e-17   2.35e-16  -1.03e-16  -1.39e-17   1.25e-16   1.58e-16  -1.43e-16   2.26e-16  -2.23e-16 
         0    2.5e-16  -1.53e-16   1.11e-16  -2.22e-16   2.08e-16   1.41e-16          1  -3.94e-16  -3.19e-16   8.33e-17   2.22e-16  -1.94e-16  -2.57e-16   6.25e-17   4.16e-17   3.47e-17  -8.33e-17  -2.08e-17  -4.44e-16 
 -1.91e-17    3.3e-17   9.58e-17   -2.2e-16  -1.57e-16    1.1e-16   3.08e-16  -3.94e-16          1      3e-16  -4.42e-17  -3.73e-16   1.54e-16   3.01e-17  -2.75e-16   3.82e-17    3.4e-16   2.95e-16   2.16e-16   -2.6e-18 
  1.04e-16   9.02e-17  -4.13e-16   2.01e-16  -9.71e-17   1.09e-16    1.2e-16  -3.19e-16      3e-16          1   2.74e-16   6.94e-18   2.79e-16   1.86e-16   4.74e-16  -2.36e-16   -1.3e-17  -2.29e-16   8.33e-17   1.73e-17 
 -1.39e-17   2.91e-16  -2.78e-17  -3.05e-16   2.57e-16  -8.67e-17  -1.86e-16   8.33e-17  -4.42e-17   2.74e-16          1   3.75e-16   2.57e-16  -1.35e-16  -1.08e-16   1.94e-16   1.08e-16  -1.67e-16  -2.64e-16  -5.55e-17 
 -9.71e-17  -6.94e-17   8.33e-17   4.16e-17  -2.01e-16   1.39e-16   3.21e-17   2.22e-16  -3.73e-16   6.94e-18   3.75e-16          1  -2.15e-16   2.98e-16   2.78e-16    2.5e-16  -7.98e-17  -9.71e-17  -1.25e-16  -2.78e-17 
  9.71e-17   7.63e-17  -1.08e-16   3.26e-16   2.19e-16   -1.6e-16   2.35e-16  -1.94e-16   1.54e-16   2.79e-16   2.57e-16  -2.15e-16          1  -1.42e-16  -7.98e-17    1.8e-16  -9.89e-17   3.47e-17   1.42e-16   2.74e-16 
  6.25e-17  -5.55e-17   5.03e-17   7.63e-17  -1.02e-16  -1.05e-16  -1.03e-16  -2.57e-16   3.01e-17   1.86e-16  -1.35e-16   2.98e-16  -1.42e-16          1   3.21e-17   3.68e-16   2.52e-17  -4.44e-16   2.69e-16   1.32e-16 
  5.55e-17  -8.67e-17  -2.72e-16   3.47e-17  -1.87e-16   7.98e-17  -1.39e-17   6.25e-17  -2.75e-16   4.74e-16  -1.08e-16   2.78e-16  -7.98e-17   3.21e-17          1  -1.04e-16  -1.03e-16  -6.94e-17          0   3.12e-17 
  2.22e-16   2.91e-16   4.86e-17  -9.71e-17   1.04e-16   4.51e-16   1.25e-16   4.16e-17   3.82e-17  -2.36e-16   1.94e-16    2.5e-16    1.8e-16   3.68e-16  -1.04e-16          1  -9.02e-17  -1.46e-16  -3.75e-16   -3.4e-16 
  7.29e-17   3.82e-17   4.34e-17   1.87e-16  -2.22e-16  -9.02e-17   1.58e-16   3.47e-17    3.4e-16   -1.3e-17   1.08e-16  -7.98e-17  -9.89e-17   2.52e-17  -1.03e-16  -9.02e-17          1   3.12e-17  -1.21e-16  -3.05e-16 
 -3.33e-16   2.22e-16   2.08e-17  -8.33e-17   4.16e-16   1.73e-17  -1.43e-16  -8.33e-17   2.95e-16  -2.29e-16  -1.67e-16  -9.71e-17   3.47e-17  -4.44e-16  -6.94e-17  -1.46e-16   3.12e-17          1   5.27e-16  -4.86e-17 
  6.94e-18   2.01e-16   2.01e-16   1.32e-16   3.92e-16  -1.21e-16   2.26e-16  -2.08e-17   2.16e-16   8.33e-17  -2.64e-16  -1.25e-16   1.42e-16   2.69e-16          0  -3.75e-16  -1.21e-16   5.27e-16          1   1.87e-16 
  6.94e-17  -3.19e-16   3.47e-17  -3.05e-16   2.22e-16  -1.42e-16  -2.23e-16  -4.44e-16   -2.6e-18   1.73e-17  -5.55e-17  -2.78e-17   2.74e-16   1.32e-16   3.12e-17   -3.4e-16  -3.05e-16  -4.86e-17   1.87e-16          1 
For part B, see .svg plots. To compare the wavefunctions, I googled 'veigenfunctions hydrogen s-wave radial SE', and compared it with the first result 
