0.05 0.0950656 -0.033626 -0.0183083
0.1 0.180862 -0.0639103 -0.0347908
0.15 0.258067 -0.0910391 -0.0495434
0.2 0.327315 -0.11519 -0.0626584
0.25 0.389198 -0.136533 -0.0742243
0.3 0.444269 -0.155231 -0.0843263
0.35 0.493046 -0.171439 -0.0930463
0.4 0.536011 -0.185305 -0.100463
0.45 0.573615 -0.19697 -0.106652
0.5 0.606278 -0.20657 -0.111685
0.55 0.634394 -0.214233 -0.115633
0.6 0.658327 -0.220082 -0.118561
0.65 0.67842 -0.224235 -0.120534
0.7 0.694988 -0.226804 -0.121614
0.75 0.708329 -0.227894 -0.121859
0.8 0.718717 -0.227607 -0.121325
0.85 0.726409 -0.226039 -0.120067
0.9 0.731643 -0.223284 -0.118135
0.95 0.73464 -0.219427 -0.11558
1 0.735606 -0.214553 -0.112449
1.05 0.734732 -0.20874 -0.108787
1.1 0.732195 -0.202063 -0.104638
1.15 0.728159 -0.194594 -0.100041
1.2 0.722776 -0.186401 -0.0950376
1.25 0.716188 -0.177547 -0.0896644
1.3 0.708524 -0.168095 -0.0839575
1.35 0.699905 -0.158101 -0.0779509
1.4 0.690443 -0.14762 -0.0716773
1.45 0.68024 -0.136704 -0.0651677
1.5 0.669391 -0.125402 -0.0584514
1.55 0.657982 -0.11376 -0.0515565
1.6 0.646096 -0.101823 -0.0445097
1.65 0.633804 -0.089631 -0.0373361
1.7 0.621176 -0.0772234 -0.0300597
1.75 0.608272 -0.064637 -0.0227033
1.8 0.59515 -0.0519063 -0.0152883
1.85 0.581862 -0.0390639 -0.00783504
1.9 0.568455 -0.0261402 -0.00036283
1.95 0.554973 -0.0131642 0.00711024
2 0.541454 -0.000162546 0.0145671
2.05 0.527934 0.0128394 0.0219915
2.1 0.514445 0.025818 0.0293684
2.15 0.501017 0.0387513 0.0366835
2.2 0.487676 0.0516186 0.0439236
2.25 0.474445 0.064401 0.051076
2.3 0.461344 0.0770804 0.058129
2.35 0.448394 0.0896405 0.0650719
2.4 0.435609 0.102066 0.0718944
2.45 0.423006 0.114342 0.078587
2.5 0.410596 0.126457 0.0851412
2.55 0.398391 0.138398 0.0915486
2.6 0.386399 0.150153 0.097802
2.65 0.374631 0.161714 0.103895
2.7 0.363091 0.173071 0.10982
2.75 0.351786 0.184216 0.115572
2.8 0.340721 0.19514 0.121147
2.85 0.329898 0.205838 0.126538
2.9 0.319321 0.216304 0.131743
2.95 0.308991 0.226532 0.136758
3 0.298909 0.236517 0.141578
3.05 0.289076 0.246256 0.146202
3.1 0.279491 0.255746 0.150627
3.15 0.270154 0.264982 0.154851
3.2 0.261063 0.273964 0.158871
3.25 0.252216 0.282689 0.162688
3.3 0.243611 0.291155 0.1663
3.35 0.235246 0.299362 0.169706
3.4 0.227118 0.30731 0.172906
3.45 0.219223 0.314997 0.175899
3.5 0.211558 0.322425 0.178687
3.55 0.204119 0.329594 0.181268
3.6 0.196903 0.336505 0.183645
3.65 0.189905 0.343158 0.185818
3.7 0.183122 0.349556 0.187788
3.75 0.176548 0.3557 0.189556
3.8 0.170181 0.361592 0.191124
3.85 0.164014 0.367234 0.192494
3.9 0.158045 0.372629 0.193667
3.95 0.152267 0.377779 0.194646
4 0.146678 0.382686 0.195433
4.05 0.141271 0.387355 0.196029
4.1 0.136043 0.391787 0.196438
4.15 0.130989 0.395986 0.196662
4.2 0.126104 0.399956 0.196703
4.25 0.121385 0.4037 0.196565
4.3 0.116826 0.40722 0.196251
4.35 0.112423 0.410522 0.195762
4.4 0.108171 0.413609 0.195103
4.45 0.104067 0.416484 0.194277
4.5 0.100106 0.419151 0.193286
4.55 0.0962837 0.421614 0.192134
4.6 0.0925963 0.423878 0.190824
4.65 0.0890396 0.425946 0.18936
4.7 0.0856096 0.427821 0.187745
4.75 0.0823024 0.42951 0.185982
4.8 0.0791142 0.431014 0.184076
4.85 0.0760412 0.432339 0.182028
4.9 0.0730799 0.433488 0.179844
4.95 0.0702265 0.434466 0.177526
5 0.0674777 0.435276 0.175077
5.05 0.06483 0.435923 0.172503
5.1 0.0622801 0.436411 0.169805
5.15 0.0598247 0.436744 0.166989
5.2 0.0574607 0.436926 0.164056
5.25 0.055185 0.43696 0.161012
5.3 0.0529946 0.436852 0.157858
5.35 0.0508867 0.436604 0.1546
5.4 0.0488583 0.436221 0.15124
5.45 0.0469068 0.435707 0.147782
5.5 0.0450294 0.435066 0.14423
5.55 0.0432236 0.434301 0.140586
5.6 0.0414868 0.433415 0.136855
5.65 0.0398167 0.432414 0.13304
5.7 0.0382107 0.431301 0.129143
5.75 0.0366668 0.430078 0.12517
5.8 0.0351825 0.42875 0.121122
5.85 0.0337559 0.427321 0.117004
5.9 0.0323847 0.425793 0.112818
5.95 0.031067 0.424171 0.108568
6 0.0298008 0.422457 0.104257
6.05 0.0285842 0.420655 0.0998875
6.1 0.0274154 0.418769 0.0954636
6.15 0.0262927 0.416801 0.0909879
6.2 0.0252142 0.414754 0.0864635
6.25 0.0241784 0.412632 0.0818934
6.3 0.0231837 0.410438 0.0772805
6.35 0.0222285 0.408175 0.0726277
6.4 0.0213114 0.405845 0.067938
6.45 0.0204308 0.403452 0.063214
6.5 0.0195854 0.400998 0.0584586
6.55 0.0187739 0.398487 0.0536745
6.6 0.017995 0.39592 0.0488643
6.65 0.0172474 0.393301 0.0440306
6.7 0.01653 0.390631 0.0391761
6.75 0.0158415 0.387915 0.0343032
6.8 0.0151808 0.385153 0.0294144
6.85 0.0145469 0.382349 0.0245122
6.9 0.0139387 0.379505 0.0195989
6.95 0.0133553 0.376622 0.0146768
7 0.0127956 0.373705 0.00974828
7.05 0.0122588 0.370754 0.00481548
7.1 0.0117438 0.367771 -0.000119406
7.15 0.01125 0.36476 -0.00505424
7.2 0.0107764 0.361721 -0.00998694
7.25 0.0103222 0.358657 -0.0149155
7.3 0.0098867 0.35557 -0.0198379
7.35 0.00946914 0.352461 -0.0247522
7.4 0.00906878 0.349333 -0.0296565
7.45 0.00868496 0.346188 -0.0345491
7.5 0.00831701 0.343026 -0.0394281
7.55 0.00796429 0.33985 -0.0442917
7.6 0.0076262 0.336661 -0.0491383
7.65 0.00730214 0.333461 -0.0539662
7.7 0.00699156 0.330252 -0.0587738
7.75 0.0066939 0.327035 -0.0635596
7.8 0.00640865 0.32381 -0.0683221
7.85 0.0061353 0.320581 -0.0730597
7.9 0.00587337 0.317348 -0.0777711
7.95 0.0056224 0.314112 -0.0824548
8 0.00538194 0.310875 -0.0871096
8.05 0.00515157 0.307638 -0.0917342
8.1 0.00493086 0.304402 -0.0963272
8.15 0.00471943 0.301169 -0.100888
8.2 0.0045169 0.297939 -0.105414
8.25 0.00432289 0.294713 -0.109906
8.3 0.00413707 0.291493 -0.114361
8.35 0.00395909 0.28828 -0.118779
8.4 0.00378864 0.285074 -0.123159
8.45 0.00362539 0.281876 -0.1275
8.5 0.00346906 0.278688 -0.131801
8.55 0.00331935 0.27551 -0.136061
8.6 0.00317599 0.272343 -0.14028
8.65 0.00303872 0.269188 -0.144455
8.7 0.00290729 0.266046 -0.148588
8.75 0.00278145 0.262917 -0.152676
8.8 0.00266097 0.259802 -0.156719
8.85 0.00254563 0.256702 -0.160717
8.9 0.00243521 0.253617 -0.164669
8.95 0.00232951 0.250548 -0.168574
9 0.00222832 0.247495 -0.172431
9.05 0.00213147 0.24446 -0.176241
9.1 0.00203876 0.241443 -0.180002
9.15 0.00195002 0.238444 -0.183715
9.2 0.00186509 0.235463 -0.187378
9.25 0.00178381 0.232502 -0.190991
9.3 0.00170602 0.22956 -0.194554
9.35 0.00163158 0.226639 -0.198066
9.4 0.00156033 0.223737 -0.201528
9.45 0.00149216 0.220857 -0.204938
9.5 0.00142693 0.217998 -0.208297
9.55 0.00136451 0.21516 -0.211604
9.6 0.00130478 0.212344 -0.214859
9.65 0.00124764 0.20955 -0.218062
9.7 0.00119296 0.206779 -0.221212
9.75 0.00114065 0.20403 -0.22431
9.8 0.00109061 0.201304 -0.227355
9.85 0.00104274 0.198601 -0.230347
9.9 0.000996937 0.195921 -0.233286
9.95 0.000953125 0.193265 -0.236173
10 0.000911216 0.190633 -0.239006
10.05 0.000871127 0.188024 -0.241786
10.1 0.000832781 0.185439 -0.244513
10.15 0.000796104 0.182878 -0.247186
10.2 0.000761023 0.180342 -0.249807
10.25 0.000727472 0.17783 -0.252375
10.3 0.000695383 0.175342 -0.254889
10.35 0.000664694 0.172879 -0.257351
10.4 0.000635344 0.17044 -0.259759
10.45 0.000607276 0.168026 -0.262116
10.5 0.000580435 0.165636 -0.264419
10.55 0.000554768 0.163271 -0.26667
10.6 0.000530224 0.160931 -0.268869
10.65 0.000506754 0.158615 -0.271015
10.7 0.000484312 0.156324 -0.27311
10.75 0.000462855 0.154058 -0.275152
10.8 0.000442338 0.151816 -0.277144
10.85 0.000422722 0.149599 -0.279084
10.9 0.000403966 0.147406 -0.280972
10.95 0.000386036 0.145238 -0.28281
11 0.000368894 0.143094 -0.284598
11.05 0.000352505 0.140975 -0.286335
11.1 0.000336838 0.13888 -0.288022
11.15 0.00032186 0.136809 -0.289659
11.2 0.000307542 0.134762 -0.291247
11.25 0.000293855 0.132739 -0.292786
11.3 0.000280772 0.130741 -0.294275
11.35 0.000268266 0.128766 -0.295717
11.4 0.000256312 0.126815 -0.29711
11.45 0.000244886 0.124887 -0.298456
11.5 0.000233965 0.122983 -0.299754
11.55 0.000223528 0.121103 -0.301005
11.6 0.000213551 0.119246 -0.302209
11.65 0.000204016 0.117411 -0.303367
11.7 0.000194903 0.1156 -0.304479
11.75 0.000186194 0.113812 -0.305546
11.8 0.00017787 0.112046 -0.306567
11.85 0.000169915 0.110303 -0.307543
11.9 0.000162314 0.108582 -0.308476
11.95 0.00015505 0.106884 -0.309364
12 0.000148109 0.105207 -0.310209
12.05 0.000141476 0.103553 -0.311011
12.1 0.000135137 0.10192 -0.31177
12.15 0.00012908 0.100309 -0.312486
12.2 0.000123293 0.0987189 -0.313161
12.25 0.000117762 0.0971503 -0.313795
12.3 0.000112478 0.0956027 -0.314388
12.35 0.000107429 0.0940761 -0.31494
12.4 0.000102606 0.0925701 -0.315452
12.45 9.79974e-05 0.0910847 -0.315925
12.5 9.35942e-05 0.0896196 -0.316358
12.55 8.93879e-05 0.0881746 -0.316753
12.6 8.53691e-05 0.0867496 -0.31711
12.65 8.15299e-05 0.0853444 -0.317429
12.7 7.78617e-05 0.0839589 -0.31771
12.75 7.43577e-05 0.0825927 -0.317955
12.8 7.10097e-05 0.0812457 -0.318163
12.85 6.78117e-05 0.0799178 -0.318335
12.9 6.47563e-05 0.0786087 -0.318472
12.95 6.18381e-05 0.0773183 -0.318574
13 5.90505e-05 0.0760463 -0.318642
13.05 5.63882e-05 0.0747927 -0.318675
13.1 5.38447e-05 0.0735571 -0.318675
13.15 5.14155e-05 0.0723393 -0.318642
13.2 4.90944e-05 0.0711393 -0.318576
13.25 4.6878e-05 0.0699568 -0.318478
13.3 4.47602e-05 0.0687916 -0.318348
13.35 4.27375e-05 0.0676436 -0.318187
13.4 4.08058e-05 0.0665125 -0.317995
13.45 3.89617e-05 0.0653981 -0.317773
13.5 3.72e-05 0.0643003 -0.317521
13.55 3.55177e-05 0.0632188 -0.317239
13.6 3.39108e-05 0.0621535 -0.316929
13.65 3.23765e-05 0.0611042 -0.31659
13.7 3.09114e-05 0.0600707 -0.316223
13.75 2.95114e-05 0.0590529 -0.315828
13.8 2.81744e-05 0.0580504 -0.315406
13.85 2.68979e-05 0.0570632 -0.314958
13.9 2.56788e-05 0.0560911 -0.314484
13.95 2.45144e-05 0.0551338 -0.313983
14 2.34026e-05 0.0541912 -0.313457
14.05 2.23411e-05 0.0532632 -0.312907
14.1 2.13281e-05 0.0523494 -0.312332
14.15 2.03607e-05 0.0514498 -0.311733
14.2 1.94363e-05 0.0505642 -0.31111
14.25 1.85537e-05 0.0496924 -0.310465
14.3 1.7711e-05 0.0488342 -0.309796
14.35 1.6906e-05 0.0479894 -0.309105
14.4 1.61375e-05 0.0471579 -0.308393
14.45 1.54039e-05 0.0463395 -0.307659
14.5 1.47037e-05 0.0455341 -0.306904
14.55 1.40356e-05 0.0447413 -0.306128
14.6 1.33972e-05 0.0439612 -0.305333
14.65 1.27878e-05 0.0431935 -0.304517
14.7 1.22059e-05 0.042438 -0.303682
14.75 1.16504e-05 0.0416946 -0.302829
14.8 1.112e-05 0.0409631 -0.301956
14.85 1.06135e-05 0.0402434 -0.301066
14.9 1.013e-05 0.0395353 -0.300157
14.95 9.66865e-06 0.0388386 -0.299232
15 9.22778e-06 0.0381532 -0.298289
15.05 8.80718e-06 0.037479 -0.29733
15.1 8.40581e-06 0.0368157 -0.296355
15.15 8.02301e-06 0.0361632 -0.295364
15.2 7.65738e-06 0.0355214 -0.294357
15.25 7.30798e-06 0.0348901 -0.293336
15.3 6.97426e-06 0.0342691 -0.292299
15.35 6.65592e-06 0.0336584 -0.291249
15.4 6.35186e-06 0.0330577 -0.290184
15.45 6.06148e-06 0.032467 -0.289106
15.5 5.78462e-06 0.0318861 -0.288014
15.55 5.52045e-06 0.0313147 -0.28691
15.6 5.26855e-06 0.0307529 -0.285793
15.65 5.02773e-06 0.0302005 -0.284663
15.7 4.79778e-06 0.0296573 -0.283522
15.75 4.57823e-06 0.0291231 -0.28237
15.8 4.36894e-06 0.0285979 -0.281206
15.85 4.16906e-06 0.0280816 -0.280031
15.9 3.97875e-06 0.0275739 -0.278846
15.95 3.79696e-06 0.0270748 -0.27765
16 3.62334e-06 0.0265841 -0.276445
16.05 3.45761e-06 0.0261017 -0.27523
16.1 3.29935e-06 0.0256275 -0.274005
16.15 3.14812e-06 0.0251614 -0.272772
16.2 3.004e-06 0.0247032 -0.27153
16.25 2.86623e-06 0.0242528 -0.270279
16.3 2.73521e-06 0.0238101 -0.269021
16.35 2.61021e-06 0.0233749 -0.267754
16.4 2.49081e-06 0.0229473 -0.266481
16.45 2.37643e-06 0.0225269 -0.2652
16.5 2.26722e-06 0.0221138 -0.263912
16.55 2.1633e-06 0.0217079 -0.262617
16.6 2.06391e-06 0.0213089 -0.261316
16.65 1.96902e-06 0.0209168 -0.260009
16.7 1.87838e-06 0.0205315 -0.258695
16.75 1.79253e-06 0.0201529 -0.257377
16.8 1.71073e-06 0.0197809 -0.256053
16.85 1.63239e-06 0.0194154 -0.254724
16.9 1.55724e-06 0.0190562 -0.25339
16.95 1.48594e-06 0.0187033 -0.252051
17 1.41766e-06 0.0183565 -0.250708
17.05 1.35247e-06 0.0180159 -0.249361
17.1 1.28979e-06 0.0176812 -0.24801
17.15 1.23044e-06 0.0173524 -0.246656
17.2 1.17384e-06 0.0170293 -0.245298
17.25 1.12046e-06 0.016712 -0.243937
17.3 1.06869e-06 0.0164003 -0.242573
17.35 1.01996e-06 0.016094 -0.241206
17.4 9.72929e-07 0.0157932 -0.239837
17.45 9.28316e-07 0.0154978 -0.238465
17.5 8.85065e-07 0.0152075 -0.237092
17.55 8.44413e-07 0.0149224 -0.235716
17.6 8.05386e-07 0.0146424 -0.234339
17.65 7.68633e-07 0.0143674 -0.23296
17.7 7.33073e-07 0.0140973 -0.23158
17.75 6.99343e-07 0.0138321 -0.230199
17.8 6.67166e-07 0.0135715 -0.228817
17.85 6.36629e-07 0.0133157 -0.227435
17.9 6.06888e-07 0.0130644 -0.226051
17.95 5.79142e-07 0.0128176 -0.224668
18 5.5249e-07 0.0125753 -0.223284
18.05 5.27166e-07 0.0123374 -0.2219
18.1 5.02701e-07 0.0121037 -0.220516
18.15 4.7913e-07 0.0118743 -0.219133
18.2 4.56985e-07 0.011649 -0.21775
18.25 4.3604e-07 0.0114278 -0.216368
18.3 4.16084e-07 0.0112106 -0.214987
18.35 3.96773e-07 0.0109973 -0.213606
18.4 3.78725e-07 0.010788 -0.212227
18.45 3.61183e-07 0.0105824 -0.210849
18.5 3.44453e-07 0.0103806 -0.209473
18.55 3.28131e-07 0.0101824 -0.208098
18.6 3.12664e-07 0.00998789 -0.206724
18.65 2.98235e-07 0.00979692 -0.205353
18.7 2.8443e-07 0.00960945 -0.203984
18.75 2.70957e-07 0.00942541 -0.202616
18.8 2.58298e-07 0.00924475 -0.201251
18.85 2.46213e-07 0.00906741 -0.199889
18.9 2.3471e-07 0.00889332 -0.198528
18.95 2.23727e-07 0.00872245 -0.197171
19 2.13275e-07 0.00855472 -0.195816
19.05 2.03594e-07 0.00839009 -0.194464
19.1 1.94241e-07 0.00822849 -0.193115
19.15 1.84866e-07 0.00806989 -0.191769
19.2 1.76103e-07 0.00791422 -0.190426
19.25 1.6808e-07 0.00776144 -0.189087
19.3 1.60299e-07 0.00761149 -0.187751
19.35 1.53018e-07 0.00746432 -0.186418
19.4 1.45831e-07 0.00731989 -0.18509
19.45 1.39121e-07 0.00717815 -0.183764
19.5 1.3291e-07 0.00703905 -0.182443
19.55 1.26401e-07 0.00690254 -0.181125
19.6 1.19942e-07 0.00676858 -0.179812
19.65 1.14095e-07 0.00663713 -0.178502
19.7 1.08987e-07 0.00650813 -0.177197
19.75 1.04324e-07 0.00638155 -0.175896
19.8 9.951e-08 0.00625734 -0.174599
19.85 9.4615e-08 0.00613546 -0.173307
19.9 9.04667e-08 0.00601586 -0.172019
19.95 8.67694e-08 0.00589852 -0.170736
20 8.24861e-08 0.00578338 -0.169457
20.05 7.83586e-08 0.00567042 -0.168183
20.1 7.48833e-08 0.00555958 -0.166914
20.15 7.18715e-08 0.00545083 -0.16565
20.2 6.90923e-08 0.00534414 -0.16439
20.25 6.56882e-08 0.00523946 -0.163136
20.3 6.25664e-08 0.00513676 -0.161887
20.35 6.04324e-08 0.00503601 -0.160642
20.4 5.7858e-08 0.00493717 -0.159403
20.45 5.48295e-08 0.0048402 -0.158169
20.5 5.2125e-08 0.00474508 -0.15694
20.55 4.95105e-08 0.00465176 -0.155717
20.6 4.76553e-08 0.00456022 -0.154499
20.65 4.54543e-08 0.00447042 -0.153286
20.7 4.3257e-08 0.00438233 -0.152079
20.75 4.17284e-08 0.00429592 -0.150878
20.8 4.03712e-08 0.00421116 -0.149681
20.85 3.83039e-08 0.00412802 -0.148491
20.9 3.64584e-08 0.00404647 -0.147306
20.95 3.4524e-08 0.00396648 -0.146127
21 3.28411e-08 0.00388802 -0.144953
21.05 3.1318e-08 0.00381107 -0.143786
21.1 2.97612e-08 0.00373559 -0.142624
21.15 2.86028e-08 0.00366156 -0.141467
21.2 2.77983e-08 0.00358895 -0.140317
21.25 2.64927e-08 0.00351775 -0.139173
21.3 2.51248e-08 0.00344791 -0.138034
21.35 2.40657e-08 0.00337941 -0.136902
21.4 2.2783e-08 0.00331224 -0.135775
21.45 2.17808e-08 0.00324636 -0.134654
21.5 2.05199e-08 0.00318176 -0.13354
21.55 1.908e-08 0.0031184 -0.132431
21.6 1.85929e-08 0.00305627 -0.131329
21.65 1.78214e-08 0.00299534 -0.130232
21.7 1.68641e-08 0.00293559 -0.129142
21.75 1.59474e-08 0.00287699 -0.128058
21.8 1.49937e-08 0.00281954 -0.12698
21.85 1.44523e-08 0.0027632 -0.125908
21.9 1.3805e-08 0.00270795 -0.124842
21.95 1.20827e-08 0.00265378 -0.123782
22 1.10689e-08 0.00260066 -0.122729
22.05 1.06501e-08 0.00254858 -0.121681
22.1 1.02281e-08 0.00249751 -0.12064
22.15 9.71732e-09 0.00244744 -0.119606
22.2 9.24292e-09 0.00239834 -0.118577
22.25 8.56087e-09 0.0023502 -0.117555
22.3 8.76395e-09 0.00230301 -0.116538
22.35 8.16585e-09 0.00225673 -0.115529
22.4 7.28283e-09 0.00221136 -0.114525
22.45 7.08069e-09 0.00216688 -0.113527
22.5 6.95749e-09 0.00212327 -0.112536
22.55 6.97871e-09 0.00208052 -0.111551
22.6 6.99805e-09 0.0020386 -0.110573
22.65 6.08749e-09 0.00199751 -0.1096
22.7 5.82911e-09 0.00195723 -0.108634
22.75 5.79566e-09 0.00191773 -0.107674
22.8 5.43162e-09 0.00187902 -0.10672
22.85 5.23821e-09 0.00184106 -0.105773
22.9 5.05047e-09 0.00180386 -0.104832
22.95 4.62619e-09 0.00176738 -0.103897
23 4.70404e-09 0.00173163 -0.102968
23.05 4.54787e-09 0.00169658 -0.102046
23.1 3.91775e-09 0.00166222 -0.101129
23.15 3.84965e-09 0.00162855 -0.100219
23.2 3.63767e-09 0.00159554 -0.0993151
23.25 3.56349e-09 0.00156318 -0.0984173
23.3 3.71669e-09 0.00153146 -0.0975257
23.35 3.22213e-09 0.00150037 -0.0966403
23.4 2.99172e-09 0.0014699 -0.095761
23.45 3.28765e-09 0.00144003 -0.0948878
23.5 3.11267e-09 0.00141076 -0.0940208
23.55 3.19407e-09 0.00138206 -0.0931598
23.6 2.7905e-09 0.00135394 -0.092305
23.65 2.38775e-09 0.00132637 -0.0914563
23.7 2.26442e-09 0.00129936 -0.0906136
23.75 2.43827e-09 0.00127288 -0.089777
23.8 1.76486e-09 0.00124693 -0.0889464
23.85 1.96496e-09 0.00122149 -0.0881218
23.9 1.9105e-09 0.00119657 -0.0873032
23.95 2.3146e-09 0.00117214 -0.0864906
24 2.30544e-09 0.0011482 -0.085684
24.05 2.06488e-09 0.00112474 -0.0848833
24.1 1.47223e-09 0.00110174 -0.0840886
24.15 1.61957e-09 0.00107921 -0.0832998
24.2 9.94564e-10 0.00105713 -0.0825168
24.25 1.16554e-09 0.00103549 -0.0817397
24.3 8.42327e-10 0.00101428 -0.0809685
24.35 7.67832e-10 0.000993497 -0.0802031
24.4 8.20056e-10 0.000973132 -0.0794435
24.45 1.19567e-09 0.000953175 -0.0786897
24.5 8.74912e-10 0.000933619 -0.0779417
24.55 8.73245e-10 0.000914457 -0.0771994
24.6 5.76661e-10 0.000895679 -0.0764628
24.65 8.70382e-10 0.000877279 -0.075732
24.7 1.14529e-09 0.000859249 -0.0750067
24.75 7.39186e-10 0.000841583 -0.0742872
24.8 4.27497e-10 0.000824272 -0.0735733
24.85 9.86626e-10 0.00080731 -0.0728649
24.9 1.21993e-09 0.00079069 -0.0721622
24.95 1.56331e-09 0.000774405 -0.071465
25 1.38356e-09 0.00075845 -0.0707733
25.05 1.29107e-09 0.000742816 -0.0700871
25.1 1.79801e-09 0.000727499 -0.0694065
25.15 1.87047e-09 0.00071249 -0.0687312
25.2 1.18537e-09 0.000697786 -0.0680614
25.25 1.29647e-09 0.000683379 -0.067397
25.3 1.1831e-09 0.000669264 -0.066738
25.35 1.19911e-09 0.000655435 -0.0660843
25.4 1.2355e-09 0.000641886 -0.0654359
25.45 9.71346e-10 0.000628612 -0.0647928
25.5 1.29165e-09 0.000615607 -0.064155
25.55 2.03702e-09 0.000602866 -0.0635224
25.6 2.09159e-09 0.000590384 -0.0628951
25.65 2.25801e-09 0.000578156 -0.0622729
25.7 2.21201e-09 0.000566176 -0.0616559
25.75 1.65769e-09 0.00055444 -0.061044
25.8 1.41128e-09 0.000542943 -0.0604372
25.85 1.20326e-09 0.00053168 -0.0598355
25.9 1.17465e-09 0.000520646 -0.0592389
25.95 1.88004e-09 0.000509837 -0.0586472
26 2.31306e-09 0.000499248 -0.0580606
26.05 2.45673e-09 0.000488876 -0.0574789
26.1 2.76774e-09 0.000478715 -0.0569021
26.15 2.30135e-09 0.000468762 -0.0563302
26.2 1.56254e-09 0.000459012 -0.0557632
26.25 1.34059e-09 0.000449461 -0.0552011
26.3 1.06001e-09 0.000440105 -0.0546438
26.35 1.24905e-09 0.000430941 -0.0540913
26.4 1.65994e-09 0.000421965 -0.0535435
26.45 1.59486e-09 0.000413172 -0.0530004
26.5 1.5528e-09 0.000404559 -0.0524621
26.55 1.66491e-09 0.000396123 -0.0519284
26.6 1.29926e-09 0.00038786 -0.0513994
26.65 1.12121e-09 0.000379765 -0.050875
26.7 7.92764e-10 0.000371838 -0.0503552
26.75 3.86725e-10 0.000364072 -0.0498399
26.8 3.42981e-10 0.000356467 -0.0493292
26.85 6.03567e-12 0.000349017 -0.048823
26.9 -5.89711e-10 0.000341721 -0.0483212
26.95 -5.24448e-10 0.000334574 -0.0478239
27 -5.05061e-10 0.000327575 -0.0473309
27.05 8.73665e-11 0.00032072 -0.0468424
27.1 1.81496e-10 0.000314005 -0.0463582
27.15 -2.19022e-10 0.00030743 -0.0458783
27.2 -6.30429e-10 0.000300989 -0.0454028
27.25 -5.38311e-10 0.000294681 -0.0449315
27.3 -8.9708e-10 0.000288504 -0.0444644
27.35 -1.04654e-09 0.000282454 -0.0440015
27.4 -1.03415e-09 0.000276529 -0.0435428
27.45 -4.33177e-10 0.000270725 -0.0430883
27.5 -6.10437e-11 0.000265042 -0.0426379
27.55 -4.21031e-10 0.000259477 -0.0421916
27.6 -1.00186e-09 0.000254026 -0.0417493
27.65 -7.2337e-10 0.000248688 -0.0413111
27.7 -5.73915e-10 0.000243461 -0.0408768
27.75 -5.4494e-10 0.000238341 -0.0404466
27.8 -5.34661e-10 0.000233328 -0.0400203
27.85 -5.53359e-10 0.000228419 -0.0395979
27.9 -4.1763e-10 0.000223611 -0.0391794
27.95 -5.06449e-10 0.000218903 -0.0387647
28 -1.12591e-09 0.000214292 -0.0383539
28.05 -1.03012e-09 0.000209777 -0.0379469
28.1 -6.89923e-10 0.000205356 -0.0375437
28.15 -4.19255e-10 0.000201027 -0.0371442
28.2 -3.23704e-10 0.000196787 -0.0367484
28.25 -4.0928e-10 0.000192636 -0.0363564
28.3 -7.52376e-10 0.000188572 -0.035968
28.35 -7.94491e-10 0.000184591 -0.0355832
28.4 -1.22005e-09 0.000180693 -0.035202
28.45 -1.51505e-09 0.000176877 -0.0348244
28.5 -1.14317e-09 0.00017314 -0.0344504
28.55 -1.14715e-09 0.000169481 -0.0340799
28.6 -7.76257e-10 0.000165898 -0.0337129
28.65 -6.64275e-10 0.00016239 -0.0333494
28.7 -6.71604e-10 0.000158954 -0.0329893
28.75 -7.38997e-10 0.000155591 -0.0326326
28.8 -4.2701e-10 0.000152297 -0.0322793
28.85 -7.34539e-10 0.000149073 -0.0319294
28.9 -3.78573e-10 0.000145915 -0.0315828
28.95 -5.7224e-10 0.000142824 -0.0312395
29 -9.42508e-10 0.000139797 -0.0308995
29.05 -1.10472e-09 0.000136833 -0.0305627
29.1 -1.22002e-09 0.000133931 -0.0302292
29.15 -1.3541e-09 0.00013109 -0.0298989
29.2 -9.36832e-10 0.000128309 -0.0295717
29.25 -1.11808e-09 0.000125585 -0.0292477
29.3 -8.70195e-10 0.000122919 -0.0289268
29.35 -7.00225e-10 0.000120308 -0.0286091
29.4 -9.21048e-10 0.000117753 -0.0282944
29.45 -1.20403e-09 0.000115251 -0.0279827
29.5 -1.20461e-09 0.000112801 -0.0276741
29.55 -1.28979e-09 0.000110403 -0.0273684
29.6 -6.82035e-10 0.000108054 -0.0270658
29.65 -2.64471e-10 0.000105756 -0.0267661
29.7 -1.79114e-11 0.000103505 -0.0264693
29.75 6.05563e-10 0.000101301 -0.0261753
29.8 1.12832e-09 9.91444e-05 -0.0258843
29.85 1.31578e-09 9.70328e-05 -0.0255961
29.9 1.34564e-09 9.49652e-05 -0.0253108
29.95 8.11843e-10 9.2941e-05 -0.0250282
30 5.98745e-10 9.09594e-05 -0.0247484
30.05 8.05122e-10 8.90199e-05 -0.0244714
30.1 6.86572e-10 8.71213e-05 -0.024197
30.15 6.84304e-10 8.52627e-05 -0.0239254
30.2 1.08236e-09 8.3443e-05 -0.0236565
30.25 1.41849e-09 8.16616e-05 -0.0233902
30.3 1.71205e-09 7.99178e-05 -0.0231265
30.35 1.32554e-09 7.82104e-05 -0.0228655
30.4 6.12595e-10 7.65394e-05 -0.022607
30.45 1.00446e-09 7.49037e-05 -0.0223511
30.5 8.23989e-10 7.33026e-05 -0.0220977
30.55 5.67287e-10 7.17353e-05 -0.0218469
30.6 2.91354e-10 7.02007e-05 -0.0215985
30.65 6.63122e-10 6.86984e-05 -0.0213526
30.7 9.53112e-10 6.72281e-05 -0.0211092
30.75 1.33561e-09 6.57889e-05 -0.0208682
30.8 7.76828e-10 6.43799e-05 -0.0206296
30.85 1.25505e-09 6.30011e-05 -0.0203933
30.9 1.47196e-09 6.16511e-05 -0.0201595
30.95 1.45369e-09 6.03299e-05 -0.0199279
31 8.58562e-10 5.90367e-05 -0.0196987
31.05 7.17534e-10 5.77707e-05 -0.0194718
31.1 4.84306e-10 5.65314e-05 -0.0192471
31.15 9.48723e-10 5.53184e-05 -0.0190247
31.2 7.10359e-10 5.41309e-05 -0.0188046
31.25 8.491e-10 5.29684e-05 -0.0185866
31.3 1.23083e-09 5.18308e-05 -0.0183708
31.35 1.23284e-09 5.07176e-05 -0.0181572
31.4 7.07302e-10 4.96278e-05 -0.0179458
31.45 3.20423e-10 4.85612e-05 -0.0177364
31.5 -3.67151e-12 4.75168e-05 -0.0175292
31.55 1.58526e-10 4.64946e-05 -0.0173241
31.6 -5.84075e-11 4.54942e-05 -0.017121
31.65 -4.65422e-10 4.45151e-05 -0.01692
31.7 -4.90785e-10 4.3557e-05 -0.016721
31.75 -2.0317e-10 4.26188e-05 -0.016524
31.8 1.65188e-14 4.1701e-05 -0.016329
31.85 2.23387e-10 4.08024e-05 -0.0161359
31.9 4.41543e-10 3.99231e-05 -0.0159448
31.95 9.849e-10 3.90619e-05 -0.0157557
32 1.07391e-09 3.82194e-05 -0.0155684
32.05 5.31721e-10 3.73946e-05 -0.0153831
32.1 -2.02721e-12 3.65877e-05 -0.0151996
32.15 3.18985e-10 3.57979e-05 -0.015018
32.2 7.91313e-10 3.50248e-05 -0.0148382
32.25 8.40238e-10 3.4268e-05 -0.0146602
32.3 8.08662e-10 3.35273e-05 -0.014484
32.35 1.20661e-09 3.28025e-05 -0.0143096
32.4 1.53774e-09 3.20931e-05 -0.014137
32.45 9.17036e-10 3.13991e-05 -0.0139661
32.5 -7.98657e-11 3.07199e-05 -0.0137969
32.55 -3.40298e-10 3.00549e-05 -0.0136295
32.6 -2.01187e-10 2.94043e-05 -0.0134637
32.65 -1.11802e-10 2.87675e-05 -0.0132996
32.7 -3.2464e-10 2.81441e-05 -0.0131372
32.75 -4.63961e-10 2.75338e-05 -0.0129764
32.8 -1.25745e-10 2.69369e-05 -0.0128172
32.85 -2.57916e-10 2.63527e-05 -0.0126597
32.9 -5.67874e-10 2.5781e-05 -0.0125037
32.95 -9.8974e-10 2.52214e-05 -0.0123493
33 -9.42224e-10 2.46735e-05 -0.0121965
33.05 -7.66846e-10 2.41375e-05 -0.0120452
33.1 -6.03258e-10 2.36127e-05 -0.0118954
33.15 -9.20602e-10 2.30995e-05 -0.0117471
33.2 -1.09501e-09 2.25974e-05 -0.0116003
33.25 -1.02711e-09 2.21059e-05 -0.011455
33.3 -1.42847e-09 2.16246e-05 -0.0113112
33.35 -1.61834e-09 2.1154e-05 -0.0111688
33.4 -1.62022e-09 2.06932e-05 -0.0110278
33.45 -1.23429e-09 2.02423e-05 -0.0108882
33.5 -1.10231e-09 1.98008e-05 -0.0107501
33.55 -1.26037e-09 1.93687e-05 -0.0106133
33.6 -1.50175e-09 1.89459e-05 -0.0104779
33.65 -1.44123e-09 1.85323e-05 -0.0103438
33.7 -1.41618e-09 1.81274e-05 -0.0102111
33.75 -1.64495e-09 1.77309e-05 -0.0100797
33.8 -1.81365e-09 1.7343e-05 -0.00994955
33.85 -1.76689e-09 1.69631e-05 -0.00982074
33.9 -1.75906e-09 1.65918e-05 -0.0096932
33.95 -1.74698e-09 1.6228e-05 -0.00956693
34 -1.46737e-09 1.5872e-05 -0.0094419
34.05 -9.99115e-10 1.55236e-05 -0.00931811
34.1 -4.51424e-10 1.51828e-05 -0.00919554
34.15 -5.11742e-10 1.48495e-05 -0.00907418
34.2 -9.2211e-10 1.45229e-05 -0.008954
34.25 -1.05809e-09 1.42034e-05 -0.00883501
34.3 -6.00088e-10 1.38905e-05 -0.00871718
34.35 -5.24831e-10 1.35846e-05 -0.00860049
34.4 -2.45475e-10 1.32849e-05 -0.00848495
34.45 3.08188e-10 1.29915e-05 -0.00837053
34.5 9.73391e-10 1.27046e-05 -0.00825722
34.55 1.15964e-09 1.24234e-05 -0.008145
34.6 8.04912e-10 1.21483e-05 -0.00803387
34.65 4.23739e-10 1.18792e-05 -0.00792381
34.7 6.56659e-10 1.1616e-05 -0.00781481
34.75 5.51201e-10 1.13584e-05 -0.00770685
34.8 2.29499e-12 1.11059e-05 -0.00759993
34.85 -2.95383e-10 1.08585e-05 -0.00749402
34.9 -1.3135e-10 1.0617e-05 -0.00738912
34.95 1.4333e-10 1.03802e-05 -0.00728521
35 3.5022e-10 1.01484e-05 -0.00718229
35.05 -5.65244e-11 9.92169e-06 -0.00708033
35.1 1.8316e-11 9.69975e-06 -0.00697933
35.15 2.56507e-10 9.48257e-06 -0.00687927
35.2 1.11557e-11 9.26995e-06 -0.00678015
35.25 -4.37217e-10 9.06157e-06 -0.00668195
35.3 -7.05536e-10 8.85742e-06 -0.00658465
35.35 -6.0535e-10 8.65781e-06 -0.00648825
35.4 -3.70947e-10 8.46231e-06 -0.00639273
35.45 -3.37106e-10 8.27145e-06 -0.00629809
35.5 -3.87509e-10 8.08449e-06 -0.00620431
35.55 -8.01944e-11 7.90101e-06 -0.00611138
35.6 -9.14714e-11 7.72138e-06 -0.00601928
35.65 -3.59809e-10 7.54587e-06 -0.00592802
35.7 -3.46598e-10 7.37344e-06 -0.00583756
35.75 -4.72594e-10 7.20498e-06 -0.00574792
35.8 -7.29574e-10 7.04014e-06 -0.00565906
35.85 -7.40396e-10 6.87848e-06 -0.00557098
35.9 -8.77449e-10 6.72016e-06 -0.00548368
35.95 -5.96182e-10 6.56488e-06 -0.00539714
36 -4.6159e-10 6.41281e-06 -0.00531134
36.05 -5.14009e-11 6.26414e-06 -0.00522628
36.1 5.90923e-11 6.11817e-06 -0.00514195
36.15 -1.7762e-11 5.97524e-06 -0.00505833
36.2 -1.45354e-10 5.83535e-06 -0.00497542
36.25 -3.52052e-11 5.69856e-06 -0.0048932
36.3 -3.65613e-10 5.56397e-06 -0.00481167
36.35 -4.12383e-10 5.43269e-06 -0.00473081
36.4 -3.64504e-10 5.30376e-06 -0.00465062
36.45 -2.2088e-11 5.17784e-06 -0.00457108
36.5 8.43267e-11 5.05446e-06 -0.00449218
36.55 1.89648e-11 4.93324e-06 -0.00441391
36.6 -5.3895e-12 4.81436e-06 -0.00433626
36.65 5.08643e-10 4.69805e-06 -0.00425923
36.7 1.51262e-10 4.58368e-06 -0.0041828
36.75 -3.39028e-11 4.47166e-06 -0.00410696
36.8 -1.69045e-10 4.36204e-06 -0.0040317
36.85 1.1595e-11 4.25424e-06 -0.00395702
36.9 -4.66658e-11 4.14842e-06 -0.00388289
36.95 9.86965e-11 4.04497e-06 -0.00380932
37 -1.77044e-10 3.94328e-06 -0.0037363
37.05 8.56256e-11 3.84358e-06 -0.0036638
37.1 4.02448e-11 3.746e-06 -0.00359183
37.15 -1.16279e-10 3.65011e-06 -0.00352037
37.2 -1.76949e-10 3.55583e-06 -0.00344941
37.25 -3.63848e-10 3.46349e-06 -0.00337895
37.3 -4.6001e-10 3.37264e-06 -0.00330898
37.35 -7.8778e-11 3.28418e-06 -0.00323948
37.4 -3.99817e-10 3.19699e-06 -0.00317045
37.45 -5.07532e-10 3.11107e-06 -0.00310187
37.5 -5.93267e-10 3.02689e-06 -0.00303374
37.55 -4.56754e-10 2.9442e-06 -0.00296605
37.6 -9.27699e-11 2.86256e-06 -0.00289879
37.65 1.86673e-10 2.78247e-06 -0.00283194
37.7 -2.48262e-10 2.70409e-06 -0.00276551
37.75 -7.70198e-11 2.62687e-06 -0.00269948
37.8 1.0312e-10 2.55089e-06 -0.00263384
37.85 7.34201e-11 2.47565e-06 -0.00256859
37.9 -2.33336e-10 2.40198e-06 -0.0025037
37.95 -2.05629e-10 2.32978e-06 -0.00243919
38 1.71644e-10 2.25877e-06 -0.00237503
38.05 3.02604e-10 2.18848e-06 -0.00231121
38.1 -4.29773e-10 2.11963e-06 -0.00224774
38.15 -5.96362e-10 2.05163e-06 -0.00218459
38.2 -2.01899e-10 1.98417e-06 -0.00212177
38.25 5.95697e-10 1.91847e-06 -0.00205926
38.3 7.63876e-10 1.85373e-06 -0.00199705
38.35 4.32696e-10 1.78971e-06 -0.00193513
38.4 9.87569e-11 1.72615e-06 -0.0018735
38.45 1.97428e-10 1.66314e-06 -0.00181214
38.5 1.429e-10 1.60145e-06 -0.00175105
38.55 2.71204e-10 1.54107e-06 -0.00169023
38.6 6.62375e-10 1.48124e-06 -0.00162965
38.65 1.06558e-09 1.42206e-06 -0.00156931
38.7 1.10767e-09 1.3635e-06 -0.00150921
38.75 2.93992e-10 1.3054e-06 -0.00144933
38.8 -2.67484e-10 1.24785e-06 -0.00138966
38.85 3.66369e-11 1.19136e-06 -0.00133021
38.9 6.96249e-10 1.1355e-06 -0.00127095
38.95 6.19982e-10 1.0804e-06 -0.00121188
39 7.16555e-10 1.02545e-06 -0.00115299
39.05 6.20959e-10 9.7083e-07 -0.00109427
39.1 3.47425e-10 9.16966e-07 -0.00103572
39.15 -4.97504e-10 8.6376e-07 -0.000977325
39.2 -6.44963e-10 8.10164e-07 -0.000919075
39.25 1.75812e-10 7.57207e-07 -0.000860962
39.3 9.8819e-10 7.05247e-07 -0.00080298
39.35 7.39655e-10 6.54059e-07 -0.000745118
39.4 7.94393e-10 6.02409e-07 -0.000687369
39.45 7.48704e-10 5.50973e-07 -0.000629723
39.5 3.66405e-10 4.99508e-07 -0.000572172
39.55 -4.6911e-11 4.48696e-07 -0.000514708
39.6 -2.7377e-10 3.98624e-07 -0.000457321
39.65 1.63107e-10 3.48609e-07 -0.000400004
39.7 3.48712e-10 2.98637e-07 -0.000342748
39.75 5.35709e-11 2.48722e-07 -0.000285544
39.8 4.48004e-11 1.98645e-07 -0.000228383
39.85 4.55263e-10 1.48997e-07 -0.000171256
39.9 7.24589e-10 9.92441e-08 -0.000114156
39.95 6.78738e-10 4.97086e-08 -5.70736e-05
