matrix Q:

     0.326     -0.221      0.176      0.316     0.0597      0.611     -0.212 
     0.266     -0.466    -0.0793      0.124      0.237      -0.18      0.734 
     0.273      0.195    -0.0977     -0.224      0.728      0.307     -0.056 
     0.227       0.46     -0.119      0.332      0.289     -0.527       -0.2 
      0.45    -0.0701    -0.0587     -0.647     -0.325    -0.0799     -0.148 
     0.406     0.0203    -0.0703    0.00515    -0.0709     0.0449     -0.147 
     0.229      0.376       0.75      0.166     -0.202     0.0419      0.265 
     0.344     -0.193       0.29     -0.166      0.102     -0.385     -0.081 
     0.316      0.413     -0.509      0.128     -0.356      0.198      0.361 
     0.244     -0.361     -0.159      0.483     -0.196     -0.155     -0.351 
matrix R:

       219        182        182        124        127        128       98.6 
         0       71.9       5.88      -37.6       32.4       22.2      -11.2 
         0          0       63.8      -22.5       20.2      -33.9       18.9 
         0          0          0       86.6       27.7       59.1       33.4 
         0          0          0          0       53.5     -0.452       23.6 
         0          0          0          0          0       46.9      0.785 
         0          0          0          0          0          0       41.2 
check that Q^T Q = 1 We see that the off-diagonal elements are of order 10^-16-10^-17. This has to do with machine precision.

         1  -1.53e-16  -5.55e-16  -1.39e-17   1.94e-16  -1.04e-16   1.39e-16 
 -1.53e-16          1   6.94e-17  -5.55e-17   1.39e-17   6.25e-17   2.78e-17 
 -5.55e-16   6.94e-17          1   4.16e-17  -2.78e-17   9.37e-17   4.16e-17 
 -1.39e-17  -5.55e-17   4.16e-17          1  -4.16e-17  -2.36e-16  -8.33e-17 
  1.94e-16   1.39e-17  -2.78e-17  -4.16e-17          1  -3.82e-17  -9.71e-17 
 -1.04e-16   6.25e-17   9.37e-17  -2.36e-16  -3.82e-17          1  -3.47e-17 
  1.39e-16   2.78e-17   4.16e-17  -8.33e-17  -9.71e-17  -3.47e-17          1 
check that QR = A: First QR, then A. We can see that they are the same.

      71.6       43.4       69.4       72.2       49.6       78.2       41.7 
      58.4       14.9       40.7       63.1       33.1       25.2       69.8 
      59.8       63.5       44.6       9.29       71.5       43.4       30.5 
      49.7       74.3       36.4       42.3       65.8         38       24.2 
      98.8       76.8       77.9       3.77       18.2       16.3       8.63 
      89.1       75.3       69.6       51.7         47       57.3         31 
      50.2       68.6       91.8       11.8       50.1       24.1       44.2 
      75.4       48.6         80         29       43.9       1.97       34.7 
      69.2       87.1       27.5       46.2       27.6       83.9       27.8 
      53.5       18.4       32.2       89.2       18.9       49.9         22 

      71.6       43.4       69.4       72.2       49.6       78.2       41.7 
      58.4       14.9       40.7       63.1       33.1       25.2       69.8 
      59.8       63.5       44.6       9.29       71.5       43.4       30.5 
      49.7       74.3       36.4       42.3       65.8         38       24.2 
      98.8       76.8       77.9       3.77       18.2       16.3       8.63 
      89.1       75.3       69.6       51.7         47       57.3         31 
      50.2       68.6       91.8       11.8       50.1       24.1       44.2 
      75.4       48.6         80         29       43.9       1.97       34.7 
      69.2       87.1       27.5       46.2       27.6       83.9       27.8 
      53.5       18.4       32.2       89.2       18.9       49.9         22 
