
         0          1          0 
     0.125      0.992     -0.125 
     0.332      0.945     -0.326 
     0.581      0.836     -0.549 
     0.849      0.661      -0.75 
      1.12      0.432     -0.901 
       1.4      0.169     -0.985 
      1.68     -0.109     -0.993 
      1.96     -0.378     -0.924 
      2.24     -0.618     -0.784 
      2.52      -0.81     -0.583 
       2.8     -0.939     -0.337 
      3.08     -0.995    -0.0649 
      3.36     -0.975      0.212 
      3.63     -0.878      0.473 
      3.91     -0.713      0.696 
      4.19     -0.494      0.866 
      4.47     -0.236      0.968 
      4.75     0.0406      0.995 
      5.03      0.314      0.945 
      5.31      0.562      0.822 
      5.59      0.767      0.635 
      5.87      0.912      0.398 
      6.15      0.986      0.131 
      6.43      0.984     -0.146 
      6.71      0.905     -0.412 
      6.99      0.756     -0.645 
      7.27      0.549     -0.829 
      7.55      0.299     -0.948 
      7.83     0.0254     -0.993 
      8.11      -0.25     -0.961 
      8.39     -0.505     -0.855 
      8.67     -0.721     -0.682 
      8.95     -0.881     -0.456 
      9.23     -0.973     -0.195 
       9.5     -0.989      0.081 
      9.78     -0.928      0.351 
        10     -0.831      0.541 

#Datapoints for the example from scipy odeint: oscillator with friction
#For me, the plots looks very similar

         0       3.04          0 
     0.125       3.04    -0.0622 
      0.32       3.02     -0.167 
     0.553       2.96     -0.327 
     0.774       2.86      -0.55 
     0.967       2.73     -0.837 
      1.14       2.56      -1.19 
      1.29       2.35      -1.62 
      1.44       2.07      -2.15 
      1.59        1.7      -2.76 
      1.76       1.18      -3.46 
      1.91      0.622      -3.92 
      2.04     0.0911      -4.02 
      2.16     -0.385      -3.81 
      2.28     -0.812      -3.36 
      2.39      -1.16       -2.8 
      2.51      -1.45      -2.16 
      2.65       -1.7      -1.41 
       2.8      -1.86     -0.616 
      2.94      -1.89     0.0658 
      3.08      -1.84      0.712 
      3.22      -1.69       1.37 
      3.39      -1.41       2.12 
      3.56     -0.985       2.81 
       3.7     -0.553        3.2 
      3.84     -0.108       3.31 
      3.96      0.293       3.15 
      4.07      0.635       2.81 
      4.19      0.925       2.34 
       4.3       1.15        1.8 
      4.41       1.33       1.21 
      4.54       1.44      0.558 
      4.69       1.47     -0.208 
      4.88       1.34      -1.11 
      5.04       1.11      -1.79 
      5.18      0.828      -2.29 
      5.31      0.494      -2.63 
      5.44      0.146      -2.74 
      5.57       -0.2      -2.64 
      5.69     -0.495      -2.36 
       5.8     -0.744      -1.96 
      5.91     -0.935      -1.51 
      6.02      -1.07      -1.02 
      6.13      -1.15     -0.506 
      6.24      -1.18     0.0194 
      6.36      -1.15      0.551 
      6.48      -1.05       1.07 
       6.6     -0.888       1.54 
      6.72     -0.676       1.91 
      6.84     -0.427       2.17 
      6.97     -0.153       2.28 
      7.09      0.132       2.21 
      7.21      0.385       1.99 
      7.32       0.59       1.68 
      7.43      0.753        1.3 
      7.54      0.868      0.888 
      7.64      0.938      0.467 
      7.74      0.964      0.045 
      7.84      0.947     -0.369 
      7.95      0.887     -0.769 
      8.06      0.785      -1.14 
      8.16      0.642      -1.46 
      8.28      0.462      -1.72 
      8.39      0.251      -1.87 
      8.52     0.0188      -1.89 
      8.65     -0.217      -1.77 
      8.76     -0.413      -1.53 
      8.87     -0.564      -1.24 
      8.98     -0.678       -0.9 
      9.08     -0.752     -0.545 
      9.18     -0.789      -0.19 
      9.28      -0.79      0.157 
      9.37     -0.758       0.49 
      9.47     -0.694      0.805 
      9.58     -0.596       1.09 
      9.68     -0.466       1.33 
       9.8     -0.306        1.5 
      9.91     -0.121       1.58 
        10     0.0133       1.57 
